6.307346717664052e+00
6.316954726389453e+00
6.327015908945161e+00
6.327618218566983e+00
6.311043159860581e+00
6.309457017815462e+00
6.305367811879291e+00
6.295754833910877e+00
6.300952356779755e+00
6.304102204216122e+00
6.305222917376221e+00
6.304311868571598e+00
6.302095884817077e+00
6.300183058798922e+00
6.303853388767950e+00
6.300850188803249e+00
6.297257643951717e+00
6.297751928292994e+00
6.295294621544283e+00
6.293832327308769e+00
6.292888663803216e+00
6.298275724498683e+00
6.300136956722339e+00
6.299735846667953e+00
6.296315405299483e+00
6.291386238211732e+00
6.292122671675814e+00
6.292506072090720e+00
6.290959204697820e+00
6.292717319693040e+00
6.294638021617062e+00
6.295424796205662e+00
6.292959043369899e+00
6.290804087202274e+00
6.290939071245760e+00
6.292252367818454e+00
6.291539393892069e+00
6.289581534394673e+00
6.289624865664099e+00
6.289592797593729e+00
6.291067877417538e+00
6.290314848738865e+00
6.291617366126053e+00
6.290667792352734e+00
6.290629753315290e+00
6.288551827127590e+00
6.286857448231678e+00
6.288161555232604e+00
6.289200521835978e+00
6.289448288277489e+00
6.290204977835985e+00
6.290016195273804e+00
6.288139046792995e+00
6.288380493610608e+00
6.287428339685508e+00
6.287474570950047e+00
6.288289911596698e+00
6.288200970395263e+00
6.287190980119644e+00
6.287524246133494e+00
6.287823066354340e+00
6.288412900019540e+00
6.287883820258592e+00
6.287706724089571e+00
6.287181699451727e+00
6.286927931826032e+00
6.286368561844437e+00
6.285924796887997e+00
6.287065039184689e+00
6.288153178003615e+00
6.287958608316131e+00
6.286940174279337e+00
6.286615885515569e+00
6.285868826183761e+00
6.286401944327679e+00
6.286146897700982e+00
6.286079521757522e+00
6.286739258370502e+00
6.286902372889891e+00
6.286156520712990e+00
6.286115210769723e+00
6.286411247063159e+00
6.286266569213580e+00
6.286248150147672e+00
6.285866657410886e+00
6.285527529236155e+00
6.285552609990798e+00
6.285876278249984e+00
6.285949755847097e+00
6.286322773986370e+00
6.286443935076282e+00
6.286064549340291e+00
6.285314834836701e+00
6.285221159898319e+00
6.285055966718013e+00
6.285571848384003e+00
6.285646015341229e+00
6.285546493794567e+00
6.285894990423906e+00
6.285539844059643e+00
6.285377856468990e+00
