2.039884282292300e-13
2.399846006218084e-13
2.362528277352294e-13
2.023554855348712e-13
2.210656657237696e-13
2.396978549803820e-13
2.387005569920714e-13
2.775723402838207e-13
2.324588999686268e-13
2.007387743808295e-13
2.376646876418811e-13
2.357851572664490e-13
2.417034209412801e-13
2.185510126200262e-13
2.713185585982705e-13
2.378291399343231e-13
1.942153791203244e-13
2.756745239523958e-13
2.008147850195709e-13
2.298904674203103e-13
2.256335021664086e-13
2.751389219652312e-13
2.871406078722464e-13
2.466174158617272e-13
2.895184411947895e-13
2.915349076778999e-13
3.805613808376461e-13
3.665263618081704e-13
2.571389840991113e-13
3.098096891162864e-13
7.587973766551659e-07
2.903494871625244e-13
3.395068208822325e-13
3.618627114079482e-13
3.224067870737743e-13
3.584418906396532e-13
4.441404090851221e-13
3.009253153165075e-13
2.625306035125031e-13
2.873954678045900e-13
2.627882701771210e-13
2.747760746614149e-13
3.013074529737493e-13
2.609627122758355e-13
3.017204328578675e-13
3.150184296852496e-13
3.137099794690669e-13
3.221274513974633e-13
3.509974388084513e-13
3.519387137026515e-13
3.559562992294488e-13
4.167172480256373e-13
3.932907152478026e-13
3.894704789233936e-13
4.201761672903872e-13
3.717394362773921e-13
4.328990710408421e-13
3.554039592756081e-13
3.032284221595774e-13
3.513500418372782e-13
4.095556796421616e-13
4.006639335695713e-13
4.136717317267853e-13
4.439206707347712e-13
4.686723855541713e-13
3.730656751765092e-13
4.687793832923403e-13
4.087587799215406e-13
4.511258218111879e-13
4.371987745531974e-13
1.363307458341790e-07
4.897711470730918e-13
4.386779162732925e-13
4.017808357969139e-13
5.018419607430935e-13
4.035318661354506e-13
4.043942297691816e-13
4.443102070518644e-13
3.755893383154469e-13
4.428289559375039e-13
4.160239319050529e-13
4.369862704431327e-13
4.080820712752207e-13
4.476647077380533e-13
4.421717906086843e-13
5.043833273399028e-13
4.902430939885430e-13
4.506583251588855e-13
4.224711861446823e-13
4.520103100412827e-13
4.297335629609519e-13
4.232137124898216e-13
4.678861114215882e-13
4.635905856895466e-13
4.006224316642975e-13
5.087426330249551e-13
5.917908789840758e-13
5.430662838879154e-13
5.520157645739014e-13
5.036186072762327e-13
6.205029094427093e-13
