5.027103824053455e+01
4.896967299365328e+01
4.768541254268444e+01
4.648376409893263e+01
4.523203909756160e+01
4.410782859218629e+01
4.304989416956592e+01
4.199522096126387e+01
4.111399980688950e+01
4.022509189077988e+01
3.933183027271987e+01
3.843773312154472e+01
3.756986235657264e+01
3.684082956458075e+01
3.615172025927379e+01
3.543632214420415e+01
3.474221509787331e+01
3.409025842219079e+01
3.342963617627488e+01
3.280522468456701e+01
3.220255062303320e+01
3.166447683851588e+01
3.113860349932997e+01
3.061141883619624e+01
3.007966195291083e+01
2.955594576517279e+01
2.909138825172500e+01
2.863749981679216e+01
2.818043991807392e+01
2.775533297970654e+01
2.733644290154577e+01
2.691941442315470e+01
2.651083756010638e+01
2.611650206389877e+01
2.575515871629367e+01
2.540431478777310e+01
2.504881378429909e+01
2.469418974736454e+01
2.435645150221322e+01
2.402562145275276e+01
2.371229609538662e+01
2.340075106457425e+01
2.311050585707073e+01
2.281695028364865e+01
2.253155085428941e+01
2.224166005150072e+01
2.196289838010944e+01
2.170634687369014e+01
2.145221404295748e+01
2.119732555509713e+01
2.094893943085802e+01
2.070879265941143e+01
2.046447629949708e+01
2.023777277537803e+01
2.000992086166520e+01
1.979303703308236e+01
1.958195088613726e+01
1.936953621766811e+01
1.915616670480931e+01
1.895195449086684e+01
1.875597929957206e+01
1.856623167599711e+01
1.837565764279233e+01
1.819045842362323e+01
1.800735377855008e+01
1.782722545707910e+01
1.764943721215387e+01
1.747578271862587e+01
1.731126016501000e+01
1.714841746724195e+01
1.698645709042724e+01
1.682399692720595e+01
1.666665960886499e+01
1.651186361003656e+01
1.636474580518712e+01
1.621648316662004e+01
1.607149644037618e+01
1.593070126188233e+01
1.578942910089750e+01
1.564777697224962e+01
1.551356617082476e+01
1.538275826136368e+01
1.525304849352662e+01
1.512500144083675e+01
1.499758799319739e+01
1.487223207326112e+01
1.474937148893763e+01
1.462986008295126e+01
1.451091964231824e+01
1.439651173586930e+01
1.428307063872395e+01
1.416954147621585e+01
1.405627597090282e+01
1.394715248666452e+01
1.383958405316433e+01
1.373565617991548e+01
1.363126808604413e+01
1.352764120616045e+01
1.342713356842985e+01
1.332619808980746e+01
1.322794234654037e+01
