1.883480781362162e+01
1.835797348513886e+01
1.785928284965640e+01
1.738524616406072e+01
1.696805708706674e+01
1.653429649113809e+01
1.615335454147386e+01
1.576711763070550e+01
1.540089358356588e+01
1.506845161363950e+01
1.472148847114513e+01
1.442317817909976e+01
1.411178745048559e+01
1.382179212925326e+01
1.355013233606646e+01
1.327229379605338e+01
1.302507750891371e+01
1.277406568066312e+01
1.253641870383211e+01
1.230888075642257e+01
1.208163093955783e+01
1.187586824808118e+01
1.166525725370376e+01
1.146863840135546e+01
1.127818501492243e+01
1.108635758569712e+01
1.091320755214695e+01
1.073525642196958e+01
1.056858090648901e+01
1.040553021115928e+01
1.024335328862540e+01
1.009365950798089e+01
9.942035860251600e+00
9.799400778136917e+00
9.658714309538992e+00
9.519188472215346e+00
9.390493423654904e+00
9.257833239792218e+00
9.134834185381257e+00
9.011701999281049e+00
8.891462184888560e+00
8.777532688041623e+00
8.662146999175397e+00
8.554278778648035e+00
8.446264054498126e+00
8.340900908382862e+00
8.240299429681370e+00
8.138499077935522e+00
8.043538564609550e+00
7.947162679016624e+00
7.854575979788184e+00
7.764829907703541e+00
7.674513513099354e+00
7.589837256331766e+00
7.504294949042286e+00
7.421891140586533e+00
7.341293605316904e+00
7.260700464367635e+00
7.184807134610976e+00
7.107913437946102e+00
7.034216736633828e+00
6.961432819124187e+00
6.889124936377775e+00
6.820841963997191e+00
6.751162775027050e+00
6.685040529427890e+00
6.619199331628160e+00
6.554023683723725e+00
6.491693451150429e+00
6.429028754131150e+00
6.368777304154305e+00
6.308786539711182e+00
6.249911661261899e+00
6.193125776837544e+00
6.135871947195977e+00
6.081258677831673e+00
6.026397324576029e+00
5.972832328647735e+00
5.920706691506481e+00
5.868436179189692e+00
5.818261755374671e+00
5.768206362247971e+00
5.719155532470818e+00
5.671208373955825e+00
5.623352162380158e+00
5.577380568359549e+00
5.531125090113511e+00
5.486231374042035e+00
5.441983247488701e+00
5.397892928435353e+00
5.355446889764824e+00
5.312862919973651e+00
5.271426031655921e+00
5.230494460194358e+00
5.189825292015633e+00
5.150543630677035e+00
5.111150615273321e+00
5.072845983066156e+00
5.034877187014574e+00
4.997199903291147e+00
4.960779782568142e+00
