1.858391898548420e+01
1.843398047693054e+01
1.820583241425030e+01
1.786364195879028e+01
1.715705925038697e+01
1.634072133114432e+01
1.620397253687354e+01
1.599984710750927e+01
1.567401462080177e+01
1.528434120465296e+01
1.482580444606743e+01
1.429310437677689e+01
1.375353024927147e+01
1.383023112598950e+01
1.371657584752160e+01
1.357007193406882e+01
1.330616856526222e+01
1.288610823900476e+01
1.241358626095907e+01
1.218026947547188e+01
1.199708874163943e+01
1.191410059742731e+01
1.180736379601120e+01
1.161449252254098e+01
1.137618594348307e+01
1.104793152334378e+01
1.086795385023162e+01
1.075872265006446e+01
1.063081984337745e+01
1.047261470964432e+01
1.029195342535886e+01
1.009000046942765e+01
9.903347668082967e+00
9.768925208428572e+00
9.709547555582629e+00
9.594648111764466e+00
9.465417454550316e+00
9.313782085730356e+00
9.112620861201680e+00
8.947143814068980e+00
8.877565827149407e+00
8.797289690029155e+00
8.717172974785246e+00
8.621033669929925e+00
8.482030418122292e+00
8.330479704388004e+00
8.215096678538522e+00
8.133444887212768e+00
8.059987914061761e+00
7.978285964234137e+00
7.885854451327101e+00
7.778351459861940e+00
7.657036504807834e+00
7.585674164368668e+00
7.513231500114664e+00
7.450686105234991e+00
7.369615738944217e+00
7.281485864250334e+00
7.186037117785527e+00
7.087217733537440e+00
7.023738002990217e+00
6.975674040710715e+00
6.914897921291710e+00
6.848258046916081e+00
6.773906438329035e+00
6.681387236460735e+00
6.606383649008920e+00
6.550993874177464e+00
6.496712233658872e+00
6.445280987274727e+00
6.388002563868061e+00
6.322651025545391e+00
6.245175517430683e+00
6.185618991703641e+00
6.140051620902661e+00
6.090778063633133e+00
6.041598813303313e+00
5.984280771498224e+00
5.923042734381974e+00
5.858686942239730e+00
5.815829110061826e+00
5.771889231891737e+00
5.733711827988009e+00
5.685465308412994e+00
5.634252635545012e+00
5.579412597442383e+00
5.521621475892838e+00
5.482833666479219e+00
5.446617451743619e+00
5.407229470170734e+00
5.367010332653082e+00
5.322364427023921e+00
5.271511174122448e+00
5.226874364028967e+00
5.189250484043404e+00
5.155048935017258e+00
5.118603316788059e+00
5.081134343053188e+00
5.039124751393897e+00
4.994259861075721e+00
4.958362465247355e+00
