    -2.405618136931282e-01
    -1.909534716687043e-01
     1.110223024625157e-16
    -1.383211286342847e-01
    -9.454592313523169e-02
    -7.499157628210185e-09
    -6.056586479014942e-02
    -7.430981829870120e-09
    -3.367093593835375e-02
    -2.664535259100376e-15
    -1.079546022544463e-02
     1.387778780781446e-15
     1.079546022544530e-02
     1.498801083243961e-15
     3.367093593835248e-02
    -7.430981718847818e-09
     6.056583490241830e-02
    -7.499169285551943e-09
     9.454592313528991e-02
     1.383211286342854e-01
    -2.886579864025407e-15
     1.909534716686999e-01
     2.405618436128060e-01
     2.622287611943253e-01
     2.405618436128046e-01
     1.909534716687040e-01
     1.498801083243961e-15
     1.383211286342829e-01
     9.454592313529030e-02
     7.499173781955193e-09
     6.056583394141660e-02
     8.391096761872774e-09
     3.367093593835470e-02
    -1.387778780781446e-15
     1.079546022544519e-02
    -1.276756478318930e-15
    -1.079546022544147e-02
    -1.498801083243961e-15
    -3.367093593835264e-02
     7.430979109823710e-09
    -6.056586393129575e-02
     6.641147243247048e-09
    -9.454592313528455e-02
    -1.383211286342932e-01
     7.660538869913580e-15
    -1.909534716687065e-01
    -2.405618136931257e-01
    -2.622287911943320e-01
    -2.405618436127976e-01
    -1.909534716687079e-01
    -9.547918011776346e-15
    -1.383211286342928e-01
    -9.454592313528795e-02
    -7.499212750783357e-09
    -6.056586479015142e-02
    -7.431000537128085e-09
    -3.367093593837219e-02
    -1.143529715363911e-14
    -1.079546022545374e-02
    -2.553512956637860e-15
     1.079546022543830e-02
    -6.050715484207103e-15
     3.367093593835614e-02
    -7.430969284349942e-09
     6.056583490243092e-02
    -7.499109500042067e-09
     9.454592313534270e-02
     1.383211286342944e-01
     9.658940314238862e-15
     1.909534716687035e-01
     2.405618436128044e-01