     4.902569363198489e-09
     2.339619748034798e-08
     1.190687588328080e-08
     5.184961845839559e-08
     3.403768875470004e-08
     7.600849195029068e-10
     2.296196590849697e-10
     5.226750814788409e-11
     1.415039727110944e-09
     7.868292213139059e-09
     6.860442152596008e-10
     7.909847249347708e-08
     1.390566001095858e-07
     2.759520445258762e-07
     3.465991365141685e-07
     3.470155509510500e-07
     2.768906992898424e-07
     1.397030427154883e-07
     2.805158167913979e-08
     7.959789341392579e-08
     6.901264839341562e-10
     2.845712038255982e-08
     7.826341836157762e-09
     4.733935167964930e-10
     1.366267234050052e-09
     1.554265387499622e-10
     5.011765092700314e-11
     4.975226306155077e-11
     1.547689459011740e-10
     1.362138443122757e-09
     4.720288437178669e-10
     7.801353137900754e-09
     2.835353064702309e-08
     6.875210828770905e-10
     7.932346139803639e-08
     2.795607457736536e-08
     1.393650495955375e-07
     2.766461345380155e-07
     3.471756057591669e-07
     3.471775894256808e-07
     2.766441787869126e-07
     2.795081999197528e-08
     7.929948062391838e-08
     2.835575714928313e-08
     4.815587479900179e-10
     1.747801972229557e-10
     4.529884701708991e-11
     1.741728631725208e-09
     1.154073093355434e-08
     9.355282541507578e-10
     8.090193786616650e-08
     6.838973503630382e-08
     4.536204147830431e-08
     6.531330007239657e-09
     2.208906224822515e-08
     4.008918172231745e-08
     6.406532895845819e-10
     1.660013229058308e-10
     6.381167726962167e-11
     1.421331960191766e-09
     7.849911787574693e-09
     6.871743996432924e-10
     1.393524365262922e-07
     2.789699481272341e-08
     2.833138349074389e-08
     4.833531432272124e-10
     1.672268978000144e-10
     7.308063936976307e-11
     2.149334370236799e-09
     1.212540842372264e-08
     7.262037321280686e-10
     3.253750620378738e-08