2.698860198815745e-06
2.785318914297987e-06
2.876997842573182e-06
2.969565950174031e-06
3.053007465172321e-06
3.122556406258087e-06
3.222569927558712e-06
3.305177488996041e-06
3.366608891775243e-06
3.451464389818019e-06
3.555197692540883e-06
3.669368530310175e-06
3.769445768459112e-06
3.846998146911615e-06
3.911657712777533e-06
3.980597576151830e-06
4.059877739490431e-06
4.158064663707137e-06
4.219679445677055e-06
4.310703368971168e-06
4.450250444726624e-06
4.559636866831813e-06
4.613983172364060e-06
4.680525389991884e-06
4.762798423297200e-06
4.859905917718400e-06
4.964525904212438e-06
5.059132722483665e-06
5.135819380695950e-06
5.194170470076424e-06
5.243271972107387e-06
5.289556552590892e-06
5.352212896177727e-06
5.419308759788358e-06
5.577376177280955e-06
5.709670201186077e-06
5.782135871311806e-06
5.852822988198272e-06
5.947998318529783e-06
6.059240792420035e-06
6.179875593887722e-06
6.299273790277491e-06
6.401730125462291e-06
6.478365224491430e-06
6.560954802505837e-06
6.523208651784313e-06
6.554019774097226e-06
6.602149330801982e-06
6.738521720595903e-06
6.850362032536387e-06
6.913253120834944e-06
6.956730143945275e-06
7.029486526498564e-06
7.138884160751204e-06
7.265688544189394e-06
7.404557862667659e-06
7.542285782754209e-06
7.682462965438079e-06
7.789847272231619e-06
7.809700130245484e-06
7.796032656614769e-06
7.865428262862337e-06
7.993083382448681e-06
8.089621348377093e-06
8.124306150369992e-06
8.121744858856193e-06
8.144011722784812e-06
8.210346529991784e-06
8.334798664848278e-06
8.472196562981908e-06
8.616439710612207e-06
8.802440828957166e-06
8.842236077534096e-06
8.931167631590075e-06
8.958323338799511e-06
9.082057137738258e-06
9.239655463954751e-06
9.342602929860331e-06
9.369539454042036e-06
9.350574579398959e-06
9.336758496396435e-06
9.350490372235849e-06
9.427321456245965e-06
9.547419090576136e-06
9.682180418995905e-06
9.859890042572700e-06
9.886717557714395e-06
9.992752143503426e-06
1.008987525158426e-05
1.028578888924920e-05
1.048248787703867e-05
1.059985977086739e-05
1.062501765810984e-05
1.058284156819023e-05
1.052725411557184e-05
1.049816164060486e-05
1.048960085228316e-05
1.055897057208192e-05
1.074492183310964e-05
1.083219606689136e-05
1.098142275951248e-05
