2.244263269668710e-06
2.310047304685647e-06
2.376085143382598e-06
2.442296198728873e-06
2.494027106037753e-06
2.573285583915929e-06
2.637537657151958e-06
2.704605581763846e-06
2.773977775489668e-06
2.841669813271113e-06
2.907473552140657e-06
2.973231406242533e-06
3.039134568764403e-06
3.105101265117075e-06
3.171028071646902e-06
3.236802442401531e-06
3.302247959439187e-06
3.353144087579513e-06
3.423897806210560e-06
3.491770689245334e-06
3.553911721148261e-06
3.618550240011349e-06
3.685092994623173e-06
3.752677288254886e-06
3.815875757472742e-06
3.878868176320468e-06
3.941587357084902e-06
4.003943547274298e-06
4.065836955931523e-06
4.127166450437634e-06
4.905113199461291e-06
4.222768025865156e-06
4.311022609307275e-06
4.367934306616728e-06
4.427759486225899e-06
4.489965349614503e-06
4.553919251512837e-06
4.618966072279629e-06
4.682595388089922e-06
4.743855486735283e-06
4.804913210249886e-06
4.865644040183178e-06
4.925918231302169e-06
4.985609777563005e-06
5.014502325762038e-06
5.081489644892790e-06
5.156221767991031e-06
5.208268639238267e-06
5.261941372923668e-06
5.316976181710935e-06
5.375985508209775e-06
5.437194182437037e-06
5.498630266091012e-06
5.557723931790539e-06
5.616450530686508e-06
5.675088678674027e-06
5.733462941280524e-06
5.775535328834264e-06
5.808369142944096e-06
5.903432362907906e-06
5.956224379891988e-06
6.007607464254086e-06
6.060429378006376e-06
6.114078282196741e-06
6.167896618581821e-06
6.221244585920152e-06
6.276490986007347e-06
6.332496362427803e-06
6.387741966625804e-06
6.443180249363995e-06
7.716027296235879e-06
6.511742659740611e-06
6.578502500013796e-06
6.666085564312538e-06
6.715118252345303e-06
6.766063876758948e-06
6.818322827954828e-06
6.871213776265991e-06
6.924031915237678e-06
6.976110393876017e-06
7.026865273309165e-06
7.075821270962022e-06
7.124750029336737e-06
7.179172633892098e-06
7.198741346191416e-06
7.235801788299821e-06
7.324672994201483e-06
7.390914838097353e-06
7.439005261116680e-06
7.489106677984730e-06
7.541157791531212e-06
7.594203915617376e-06
7.646867448971709e-06
7.698459966575517e-06
7.748387405177277e-06
7.796171858036292e-06
7.841622118513965e-06
7.874374531591844e-06
7.878949222702449e-06
7.942215802212230e-06
8.041766363472378e-06
