6.263101013234264e+00
6.266325550780997e+00
6.267948786959366e+00
6.271853754355003e+00
6.268621509861218e+00
6.269308660445301e+00
6.269595685061775e+00
6.268099182209342e+00
6.271639630242452e+00
6.273418075423836e+00
6.273522353271026e+00
6.272048517900308e+00
6.270394850028336e+00
6.272162923894125e+00
6.275157701648033e+00
6.275338659370560e+00
6.275075631862249e+00
6.275837643776700e+00
6.275037453741286e+00
6.274561950072014e+00
6.274173451466718e+00
6.275842301340964e+00
6.277682642682258e+00
6.278030392993102e+00
6.277286372027440e+00
6.275879245831588e+00
6.276825999472266e+00
6.277515573552927e+00
6.277253579894748e+00
6.278006876227111e+00
6.278394574327090e+00
6.278241318397840e+00
6.277847089117170e+00
6.277629680685019e+00
6.278310527044582e+00
6.279324453577923e+00
6.279378935386412e+00
6.278817043068008e+00
6.278794438405254e+00
6.278597833842864e+00
6.278932255537081e+00
6.279007807997094e+00
6.279920249130847e+00
6.279850971651715e+00
6.280105714882670e+00
6.279471744723025e+00
6.279018767902601e+00
6.279733985178146e+00
6.280179102806609e+00
6.280140564525225e+00
6.280139430383811e+00
6.280447677657545e+00
6.279841528747375e+00
6.280229788654501e+00
6.280138631827385e+00
6.280418404051484e+00
6.280872693665606e+00
6.280842369875045e+00
6.280343774075251e+00
6.280250578919816e+00
6.280460882160273e+00
6.280949252516683e+00
6.280935345561733e+00
6.281078498877909e+00
6.281012492882986e+00
6.280977482547139e+00
6.280794791825031e+00
6.280654884535208e+00
6.281057963848673e+00
6.281319027993056e+00
6.281467682934534e+00
6.281155905269973e+00
6.281152947618200e+00
6.280979629707954e+00
6.281346061712350e+00
6.281344653042904e+00
6.281370052398372e+00
6.281584192346417e+00
6.281504795387088e+00
6.281169701046859e+00
6.281295541470968e+00
6.281565648516422e+00
6.281640617477589e+00
6.281745702906111e+00
6.281667641463069e+00
6.281551365960919e+00
6.281526612687138e+00
6.281613834777776e+00
6.281558205309292e+00
6.281850760284954e+00
6.281967385541126e+00
6.281899779472900e+00
6.281671867985897e+00
6.281702570608807e+00
6.281701486334167e+00
6.281946033752670e+00
6.281959232058453e+00
6.281862512427449e+00
6.281968312010244e+00
6.281857772722286e+00
6.281884911974601e+00
