2.732267700679646e-08
4.194863349518765e-07
1.147447863275112e-06
1.835752436825654e-06
2.234265204368596e-06
3.300331574453077e-06
3.743584931585925e-06
3.959039786041881e-06
4.165991232524479e-06
4.101234641143201e-06
4.112815648518585e-06
4.026618164732057e-06
3.979971054934284e-06
3.867417685493866e-06
3.755647640212689e-06
3.716232060703959e-06
3.682103401330858e-06
3.603111045752342e-06
3.478605961419076e-06
3.420086678905257e-06
3.337479446268463e-06
3.236073855094404e-06
3.197043857057548e-06
3.124823287544771e-06
3.009343279911870e-06
2.968641624064422e-06
2.908493854239916e-06
2.827927551035949e-06
2.773515479099759e-06
2.701692416303201e-06
2.649207836497724e-06
2.583259087090856e-06
2.546521466125575e-06
2.489299174250663e-06
2.425982902474773e-06
2.392323373327342e-06
2.342606628920844e-06
2.288669087181899e-06
2.247018580231918e-06
2.208463386124491e-06
2.161940785500315e-06
2.123685590626188e-06
2.096032975283120e-06
2.056708692611343e-06
2.010896746079108e-06
1.981823130515712e-06
1.954270738609615e-06
1.918935204661779e-06
1.879731558766605e-06
1.852356684152282e-06
1.831582177345668e-06
1.795324410260272e-06
1.771251543490652e-06
1.747751361376143e-06
1.714533114698759e-06
1.688700241733172e-06
1.669476552393555e-06
1.649480507221511e-06
1.620896267859906e-06
1.594266129230925e-06
1.581115326511218e-06
1.557937401793907e-06
1.531727562117877e-06
1.516330014105433e-06
1.498170263304080e-06
1.477479733828483e-06
1.455026851045854e-06
1.440808259622751e-06
1.425268913914692e-06
1.400736853361314e-06
1.388347961353427e-06
1.372992580185434e-06
1.355341712760090e-06
1.336713580164586e-06
1.324818488201043e-06
1.310606196235125e-06
1.291130630894197e-06
1.277747140617911e-06
1.267241765390419e-06
1.253111952364815e-06
1.234725958723113e-06
1.225108224904158e-06
1.213164623037017e-06
1.197056300310910e-06
1.186584044242778e-06
1.176026395154429e-06
1.163812721177052e-06
1.148264280334759e-06
1.139585058148943e-06
1.129680656631381e-06
1.116821105663673e-06
1.102676834055844e-06
1.096310116462969e-06
1.088021829832362e-06
1.072242849023037e-06
1.065794830938566e-06
1.056186820663081e-06
1.045226574815900e-06
1.034433187503046e-06
1.026710486858812e-06
1.019650186674758e-06
