elem_topo = [...
1540, 1538;
1542, 1540;
1546, 1544;
1548, 1546;
1552, 1550;
1556, 1554;
1562, 1560;
1566, 1564;
1570, 1568;
1574, 1572;
1578, 1576;
1582, 1578;
1586, 1584;
1588, 1586;
1590, 1588;
1584, 1582;
1576, 1574;
1572, 1570;
1568, 1566;
1564, 1562;
1560, 1556;
1554, 1552;
1550, 1548;
1544, 1542;
1478, 1476;
1470, 1468;
1468, 1466;
1466, 1464;
1462, 1460;
1458, 1456;
1454, 1452;
1448, 1446;
1446, 1444;
1444, 1442;
1438, 1436;
1430, 1432;
1434, 1430;
1436, 1434;
1440, 1438;
1442, 1440;
1452, 1448;
1456, 1454;
1460, 1458;
1464, 1462;
1474, 1470;
1476, 1474;
1480, 1478;
1482, 1480;
1484, 1482;
1486, 1484;
1488, 1486;
1490, 1488;
1492, 1490;
1494, 1492;
1496, 1494;
1500, 1496;
1502, 1500;
1504, 1502;
1506, 1504;
1508, 1506;
1510, 1508;
1512, 1510;
1514, 1512;
1516, 1514;
1518, 1516;
1522, 1518;
1524, 1522;
1526, 1524;
1528, 1526;
1530, 1528;
1532, 1530;
1538, 1532;
];

node_coor = [...
+6.666666666666680e-02, +1.391259040293522e+00, +0.000000000000000e+00;
+0.000000000000000e+00, +1.400000001000000e+00, +0.000000000000000e+00;
+1.333333333333333e-01, +1.365418183057040e+00, +0.000000000000000e+00;
+1.844914082421595e-01, +1.333333333333334e+00, +0.000000000000000e+00;
+2.000000000000002e-01, +1.323606797749979e+00, +0.000000000000000e+00;
+2.666666666666666e-01, +1.267652242543543e+00, +0.000000000000000e+00;
+2.676378844118309e-01, +1.266666666666667e+00, +0.000000000000000e+00;
+3.333333333333334e-01, +1.200000001000000e+00, +0.000000000000000e+00;
+3.915118664166644e-01, +1.133333333333333e+00, +0.000000000000000e+00;
+3.999999999999999e-01, +1.123606797749979e+00, +0.000000000000000e+00;
+4.464085775169432e-01, +1.066666666666667e+00, +0.000000000000000e+00;
+4.666666666666666e-01, +1.041811385307061e+00, +0.000000000000000e+00;
+5.000000000000000e-01, +1.000000000000000e+00, +0.000000000000000e+00;
+5.333333333333331e-01, +9.581886146929388e-01, +0.000000000000000e+00;
+5.535914224830566e-01, +9.333333333333335e-01, +0.000000000000000e+00;
+6.000000000000001e-01, +8.763932022500208e-01, +0.000000000000000e+00;
+6.084881335833355e-01, +8.666666666666667e-01, +0.000000000000000e+00;
+6.666666666666665e-01, +8.000000010000000e-01, +0.000000000000000e+00;
+7.323621155881692e-01, +7.333333333333333e-01, +0.000000000000000e+00;
+7.333333333333333e-01, +7.323477574564567e-01, +0.000000000000000e+00;
+8.000000000000003e-01, +6.763932022500208e-01, +0.000000000000000e+00;
+8.155085917578395e-01, +6.666666666666667e-01, +0.000000000000000e+00;
+8.666666666666667e-01, +6.345818169429597e-01, +0.000000000000000e+00;
+9.333333333333333e-01, +6.087409597064777e-01, +0.000000000000000e+00;
+1.000000000000000e+00, +6.000000010000002e-01, +0.000000000000000e+00;
+1.066666666666667e+00, +6.087409597064777e-01, +0.000000000000000e+00;
+1.133333333333333e+00, +6.345818169429596e-01, +0.000000000000000e+00;
+1.184491408242161e+00, +6.666666666666670e-01, +0.000000000000000e+00;
+1.200000000000000e+00, +6.763932022500209e-01, +0.000000000000000e+00;
+1.266666666666667e+00, +7.323477574564566e-01, +0.000000000000000e+00;
+1.267637884411831e+00, +7.333333333333333e-01, +0.000000000000000e+00;
+1.333333332347901e+00, +8.000000000000000e-01, +0.000000000000000e+00;
+1.391511866416664e+00, +8.666666666666667e-01, +0.000000000000000e+00;
+1.400000000000000e+00, +8.763932022500212e-01, +0.000000000000000e+00;
+1.446408577516943e+00, +9.333333333333333e-01, +0.000000000000000e+00;
+1.466666666666666e+00, +9.581886146929381e-01, +0.000000000000000e+00;
+1.500000000000000e+00, +1.000000000000000e+00, +0.000000000000000e+00;
+1.533333333333333e+00, +1.041811385307061e+00, +0.000000000000000e+00;
+1.553591422483057e+00, +1.066666666666667e+00, +0.000000000000000e+00;
+1.600000000000000e+00, +1.123606797749979e+00, +0.000000000000000e+00;
+1.608488133583336e+00, +1.133333333333333e+00, +0.000000000000000e+00;
+1.666666665793989e+00, +1.200000000000000e+00, +0.000000000000000e+00;
+1.732362115588169e+00, +1.266666666666667e+00, +0.000000000000000e+00;
+1.733333333333334e+00, +1.267652242543544e+00, +0.000000000000000e+00;
+1.800000000000000e+00, +1.323606797749979e+00, +0.000000000000000e+00;
+1.815508591757841e+00, +1.333333333333334e+00, +0.000000000000000e+00;
+1.866666666666667e+00, +1.365418183057040e+00, +0.000000000000000e+00;
+1.933333333333334e+00, +1.391259040293522e+00, +0.000000000000000e+00;
+2.000000007626927e+00, +1.400000000000000e+00, +0.000000000000000e+00;
+2.066666666666666e+00, +1.391259040293522e+00, +0.000000000000000e+00;
+2.133333333333333e+00, +1.365418183057041e+00, +0.000000000000000e+00;
+2.184491408242160e+00, +1.333333333333333e+00, +0.000000000000000e+00;
+2.200000000000001e+00, +1.323606797749979e+00, +0.000000000000000e+00;
+2.266666666666667e+00, +1.267652242543543e+00, +0.000000000000000e+00;
+2.267637884411831e+00, +1.266666666666667e+00, +0.000000000000000e+00;
+2.333333333333333e+00, +1.200000001000000e+00, +0.000000000000000e+00;
+2.391511866416664e+00, +1.133333333333333e+00, +0.000000000000000e+00;
+2.400000000000000e+00, +1.123606797749979e+00, +0.000000000000000e+00;
+2.446408577516943e+00, +1.066666666666667e+00, +0.000000000000000e+00;
+2.466666666666667e+00, +1.041811385307061e+00, +0.000000000000000e+00;
+2.500000000000000e+00, +1.000000000000000e+00, +0.000000000000000e+00;
+2.533333333333333e+00, +9.581886146929388e-01, +0.000000000000000e+00;
+2.553591422483056e+00, +9.333333333333335e-01, +0.000000000000000e+00;
+2.600000000000000e+00, +8.763932022500215e-01, +0.000000000000000e+00;
+2.608488133583336e+00, +8.666666666666666e-01, +0.000000000000000e+00;
+2.666666666666666e+00, +8.000000009999999e-01, +0.000000000000000e+00;
+2.732362115588169e+00, +7.333333333333333e-01, +0.000000000000000e+00;
+2.733333333333334e+00, +7.323477574564563e-01, +0.000000000000000e+00;
+2.799999999999999e+00, +6.763932022500218e-01, +0.000000000000000e+00;
+2.815508591757840e+00, +6.666666666666665e-01, +0.000000000000000e+00;
+2.866666666666667e+00, +6.345818169429597e-01, +0.000000000000000e+00;
+2.933333333333333e+00, +6.087409597064777e-01, +0.000000000000000e+00;
+3.000000000000000e+00, +6.000000009999999e-01, +0.000000000000000e+00;
];

elem_nrml = [...
+1.300017429398040e-01, +9.915137653268427e-01, -0.000000000000000e+00;
+3.614125579252430e-01, +9.324060075814251e-01, -0.000000000000000e+00;
+5.313207375769924e-01, +8.471707465562305e-01, -0.000000000000000e+00;
+6.428859053625493e-01, +7.659619525055897e-01, -0.000000000000000e+00;
+7.122760549619425e-01, +7.018994383299163e-01, -0.000000000000000e+00;
+7.534430500582231e-01, +6.575131712132937e-01, -0.000000000000000e+00;
+7.751488805560146e-01, +6.317786107274901e-01, -0.000000000000000e+00;
+7.819238553417122e-01, +6.233739523332309e-01, -0.000000000000000e+00;
+7.751488805560188e-01, +6.317786107274848e-01, -0.000000000000000e+00;
+7.534430451722702e-01, +6.575131768120972e-01, -0.000000000000000e+00;
+7.122760602256751e-01, +7.018994329883665e-01, -0.000000000000000e+00;
+6.428859053625505e-01, +7.659619525055887e-01, -0.000000000000000e+00;
+5.313207375770005e-01, +8.471707465562254e-01, -0.000000000000000e+00;
+3.614125579252471e-01, +9.324060075814237e-01, -0.000000000000000e+00;
+1.300017136971031e-01, +9.915137691609817e-01, -0.000000000000000e+00;
+5.313207375769923e-01, +8.471707465562305e-01, -0.000000000000000e+00;
+7.122760654892958e-01, +7.018994276469304e-01, -0.000000000000000e+00;
+7.534430500582305e-01, +6.575131712132851e-01, -0.000000000000000e+00;
+7.751488805560227e-01, +6.317786107274801e-01, -0.000000000000000e+00;
+7.819238553417137e-01, +6.233739523332289e-01, -0.000000000000000e+00;
+7.751488805560217e-01, +6.317786107274811e-01, -0.000000000000000e+00;
+7.534430549442038e-01, +6.575131656144579e-01, -0.000000000000000e+00;
+7.122760602256356e-01, +7.018994329884066e-01, -0.000000000000000e+00;
+5.313207375770005e-01, +8.471707465562254e-01, -0.000000000000000e+00;
+5.313207375769965e-01, +8.471707465562278e-01, -0.000000000000000e+00;
+7.122760602256374e-01, +7.018994329884050e-01, -0.000000000000000e+00;
+7.122760654893000e-01, +7.018994276469261e-01, -0.000000000000000e+00;
+7.534430451722660e-01, +6.575131768121023e-01, -0.000000000000000e+00;
+7.751488805560203e-01, +6.317786107274831e-01, -0.000000000000000e+00;
+7.819238553417132e-01, +6.233739523332297e-01, -0.000000000000000e+00;
+7.751488805560188e-01, +6.317786107274849e-01, -0.000000000000000e+00;
+7.534430500582338e-01, +6.575131712132813e-01, -0.000000000000000e+00;
+7.534430549442022e-01, +6.575131656144597e-01, -0.000000000000000e+00;
+7.122760549619422e-01, +7.018994383299166e-01, -0.000000000000000e+00;
+5.313207375769997e-01, +8.471707465562258e-01, -0.000000000000000e+00;
+1.300017429398046e-01, +9.915137653268425e-01, -0.000000000000000e+00;
+3.614125579252453e-01, +9.324060075814243e-01, -0.000000000000000e+00;
+5.313207375769996e-01, +8.471707465562259e-01, -0.000000000000000e+00;
+6.428859053625497e-01, +7.659619525055893e-01, -0.000000000000000e+00;
+7.122760602255966e-01, +7.018994329884461e-01, -0.000000000000000e+00;
+7.751488805560206e-01, +6.317786107274829e-01, -0.000000000000000e+00;
+7.819238553417122e-01, +6.233739523332307e-01, -0.000000000000000e+00;
+7.751488805560194e-01, +6.317786107274843e-01, -0.000000000000000e+00;
+7.534430500582343e-01, +6.575131712132807e-01, -0.000000000000000e+00;
+6.428859053625496e-01, +7.659619525055895e-01, -0.000000000000000e+00;
+5.313207375769989e-01, +8.471707465562263e-01, -0.000000000000000e+00;
+3.614125579252460e-01, +9.324060075814241e-01, -0.000000000000000e+00;
+1.300017136971003e-01, +9.915137691609820e-01, -0.000000000000000e+00;
-1.300017136971003e-01, +9.915137691609820e-01, +0.000000000000000e+00;
-3.614125579252447e-01, +9.324060075814247e-01, +0.000000000000000e+00;
-5.313207375769988e-01, +8.471707465562265e-01, +0.000000000000000e+00;
-5.313207375770000e-01, +8.471707465562256e-01, +0.000000000000000e+00;
-6.428859053625487e-01, +7.659619525055902e-01, +0.000000000000000e+00;
-7.122760602256368e-01, +7.018994329884055e-01, +0.000000000000000e+00;
-7.122760654893024e-01, +7.018994276469234e-01, +0.000000000000000e+00;
-7.534430445409760e-01, +6.575131775354961e-01, +0.000000000000000e+00;
-7.534430500582326e-01, +6.575131712132826e-01, +0.000000000000000e+00;
-7.751488805560200e-01, +6.317786107274834e-01, +0.000000000000000e+00;
-7.751488805560192e-01, +6.317786107274844e-01, +0.000000000000000e+00;
-7.819238553417129e-01, +6.233739523332299e-01, +0.000000000000000e+00;
-7.819238553417122e-01, +6.233739523332309e-01, +0.000000000000000e+00;
-7.751488805560207e-01, +6.317786107274825e-01, +0.000000000000000e+00;
-7.751488805560198e-01, +6.317786107274838e-01, +0.000000000000000e+00;
-7.534430500582338e-01, +6.575131712132813e-01, +0.000000000000000e+00;
-7.534430549442004e-01, +6.575131656144617e-01, +0.000000000000000e+00;
-7.122760555642168e-01, +7.018994377187380e-01, +0.000000000000000e+00;
-7.122760602256344e-01, +7.018994329884078e-01, +0.000000000000000e+00;
-6.428859053625505e-01, +7.659619525055886e-01, +0.000000000000000e+00;
-5.313207375769934e-01, +8.471707465562298e-01, +0.000000000000000e+00;
-5.313207375769998e-01, +8.471707465562257e-01, +0.000000000000000e+00;
-3.614125579252436e-01, +9.324060075814250e-01, +0.000000000000000e+00;
-1.300017136971054e-01, +9.915137691609813e-01, +0.000000000000000e+00;
];

keySet =   {1430, 1432, 1434, 1436, 1438, 1440, 1442, 1444, 1446, 1448, 1452, 1454, 1456, 1458, 1460, 1462, 1464, 1466, 1468, 1470, 1474, 1476, 1478, 1480, 1482, 1484, 1486, 1488, 1490, 1492, 1494, 1496, 1500, 1502, 1504, 1506, 1508, 1510, 1512, 1514, 1516, 1518, 1522, 1524, 1526, 1528, 1530, 1532, 1538, 1540, 1542, 1544, 1546, 1548, 1550, 1552, 1554, 1556, 1560, 1562, 1564, 1566, 1568, 1570, 1572, 1574, 1576, 1578, 1582, 1584, 1586, 1588, 1590};
valueSet =   [1, 2, 3, 4, 5, 6, 7, 8, 9, 10, 11, 12, 13, 14, 15, 16, 17, 18, 19, 20, 21, 22, 23, 24, 25, 26, 27, 28, 29, 30, 31, 32, 33, 34, 35, 36, 37, 38, 39, 40, 41, 42, 43, 44, 45, 46, 47, 48, 49, 50, 51, 52, 53, 54, 55, 56, 57, 58, 59, 60, 61, 62, 63, 64, 65, 66, 67, 68, 69, 70, 71, 72, 73];
mapObj = containers.Map(keySet,valueSet);

