 6.531527721048355e-09
 2.829876658951321e-08
 5.593370801719195e-08
 4.444438726116661e-08
 6.375649669865872e-08
 5.257582413709235e-08
 3.476389252093503e-08
 3.408824457805077e-08
 1.288549271359032e-08
 2.909419261786597e-09
 4.616309662089306e-08
 2.378954010987863e-09
 3.027002999685666e-10
 1.253481454158367e-10
 2.194943889176597e-10
 1.582266446717321e-09
 1.898392718601917e-09
 8.351645743631766e-09
 5.261696392765451e-08
 2.901742755248224e-08
 7.978451628838551e-08
 3.619967586954169e-08
 1.069954671820543e-07
 1.669535960580930e-07
 4.150086440451496e-07
 6.225511824792196e-07
 6.936146888640730e-07
 6.239062488054640e-07
 4.165937413996251e-07
 1.677546237384033e-07
 1.076494749910080e-07
 8.028801981693744e-08
 2.914724722060554e-08
 3.628346235680068e-08
 3.628346240309838e-08
 8.299735179237808e-09
 1.839660745026136e-09
 1.521693772559283e-09
 2.055441980393419e-10
 9.986991848171741e-11
 2.045212106629855e-10
 1.516907359370825e-09
 1.834167264307636e-09
 8.273382231927680e-09
 3.615488412873816e-08
 3.615488398328220e-08
 2.904105168698759e-08
 8.001098263419366e-08
 1.072795352413731e-07
 1.673211197511473e-07
 4.160111626751130e-07
 6.238218012561875e-07
 6.943532070295685e-07
 6.943532091059971e-07
 6.943532054322140e-07
 6.238217085823396e-07
 4.159966270117845e-07
 1.673032602074846e-07
 1.072503014084828e-07
 7.998665545508290e-08
 2.904293153768251e-08
 2.486835030655991e-08
 8.331470254061825e-09
 1.902890717732999e-09
 3.620566864633447e-08
 1.596112169283725e-09
 2.385918816211207e-10
 1.091105241076861e-10
 2.113001674097222e-10
 1.907729940861598e-09
 2.382381902289982e-09
 1.218138445273982e-08
 6.277426324150125e-08
 4.102470971861999e-08
 8.183746640232695e-08
 5.162991258875103e-08
 1.029910004672400e-07
 9.047879747462581e-08
 1.137517766626445e-07
 5.189337152383224e-08