 6.531527857004404e-09
 4.536379878698917e-08
 2.209000281039170e-08
 8.090596607007032e-08
 4.009109725362158e-08
 6.406909088319543e-10
 1.660235033119758e-10
 6.378620369173638e-11
 1.420960070120259e-09
 7.847451048802649e-09
 6.869179326508852e-10
 7.927299233495115e-08
 1.393199866930496e-07
 2.766251357662466e-07
 3.471993877180305e-07
 3.472368257530772e-07
 2.767152201021645e-07
 1.393924605322510e-07
 2.796086279102335e-08
 7.934388457945696e-08
 6.876604706241912e-10
 2.835935976498179e-08
 7.802793035138933e-09
 4.721777707561267e-10
 1.362819817579008e-09
 1.549101363216877e-10
 4.992531331724626e-11
 4.992526594702112e-11
 1.549100716380221e-10
 1.362819600947271e-09
 4.721777539455701e-10
 7.802794332206374e-09
 2.835936186387075e-08
 6.876604431886683e-10
 7.934388105606526e-08
 2.796086194172313e-08
 1.393924576078830e-07
 2.767152202429193e-07
 3.472367909871455e-07
 3.471994342162448e-07
 2.766251283899505e-07
 2.794138372772501e-08
 7.927299188976686e-08
 2.834558286828000e-08
 4.814301357754739e-10
 1.747218106559430e-10
 4.531760392258969e-11
 1.741863717670297e-09
 1.154127139564962e-08
 9.355725261851371e-10
 8.090597227950272e-08
 6.839235103839050e-08
 4.536381252675531e-08
 6.531531859780225e-09
 2.209000510041954e-08
 4.009109517638959e-08
 6.406909155431179e-10
 1.660235672246523e-10
 6.378614031714905e-11
 1.420959820299191e-09
 7.847452706830276e-09
 6.869179266030021e-10
 1.393199833562538e-07
 2.794138495267181e-08
 2.834558081416604e-08
 4.814301723974984e-10
 1.747218849872304e-10
 4.531756539792735e-11
 1.741863548323363e-09
 1.154127401669919e-08
 9.355724950221531e-10
 6.839234012150002e-08