elem_topo = [...
1430, 1432;
1434, 1430;
1438, 1436;
1440, 1438;
1444, 1442;
1448, 1446;
1454, 1452;
1458, 1456;
1462, 1460;
1466, 1464;
1470, 1468;
1474, 1470;
1478, 1476;
1480, 1478;
1482, 1480;
1484, 1482;
1486, 1484;
1488, 1486;
1490, 1488;
1492, 1490;
1494, 1492;
1496, 1494;
1500, 1496;
1502, 1500;
1504, 1502;
1506, 1504;
1508, 1506;
1510, 1508;
1512, 1510;
1514, 1512;
1516, 1514;
1518, 1516;
1522, 1518;
1524, 1522;
1526, 1524;
1528, 1526;
1530, 1528;
1532, 1530;
1534, 1532;
1540, 1534;
1542, 1540;
1546, 1544;
1548, 1546;
1552, 1550;
1556, 1554;
1562, 1560;
1566, 1564;
1570, 1568;
1574, 1572;
1578, 1576;
1582, 1578;
1586, 1584;
1588, 1586;
1590, 1588;
1584, 1582;
1576, 1574;
1572, 1570;
1568, 1566;
1564, 1562;
1560, 1556;
1554, 1552;
1550, 1548;
1544, 1542;
1476, 1474;
1468, 1466;
1464, 1462;
1460, 1458;
1456, 1454;
1452, 1448;
1446, 1444;
1442, 1440;
1436, 1434;
];