5.109726813541561e-08
5.546986200588347e-08
6.024227273795151e-08
6.195364050076130e-08
6.929397050281557e-08
6.833814942739513e-08
7.300475977246816e-08
7.996346621206344e-08
8.910965286338647e-08
7.934560423186376e-08
8.939061331529992e-08
9.637415243794095e-08
1.051654105293567e-07
1.003814942552461e-07
1.073665576617636e-07
1.148672256589113e-07
1.093235098435485e-07
1.071994899140692e-07
1.167616358026729e-07
1.281146032119762e-07
1.407924394422409e-07
1.249717483520073e-07
1.351737543610607e-07
1.326057890444783e-07
1.425092502021877e-07
1.513208103459696e-07
1.625139624060177e-07
1.513320019288691e-07
1.313789882323442e-07
1.388443909517371e-07
1.467837976395356e-07
1.478555753173609e-07
1.730080513127542e-07
1.609864069319670e-07
1.762281432406646e-07
2.046730039239085e-07
2.204776222450833e-07
2.104555043760361e-07
2.284991102595907e-07
2.140152783362728e-07
2.041416999188599e-07
2.238588252872189e-07
2.246127173223625e-07
2.315945016431001e-07
2.615994829348143e-07
2.552882063132672e-07
2.194580234734399e-07
2.375128463009856e-07
2.542679374856662e-07
2.317400171567849e-07
2.098109252263792e-07
1.737651632298734e-07
1.906813819913104e-07
2.094581076271116e-07
2.526127880855792e-07
2.775274006671024e-07
3.018935339610709e-07
3.242802480299623e-07
3.232777297314223e-07
3.196028615579392e-07
3.434616467485082e-07
3.761474273640303e-07
4.032228378804006e-07
3.923962015006194e-07
3.551070466262067e-07
3.736334429682067e-07
3.197877882067603e-07
3.483659201504843e-07
3.039081213351276e-07
3.220718635186038e-07
3.445805042959760e-07
3.872748567386327e-07
3.997353116052644e-07
4.373769526805858e-07
4.449246624756581e-07
4.255230653232702e-07
4.377828703178806e-07
4.691228361826228e-07
5.028978837557307e-07
5.373018820092687e-07
5.390753731443873e-07
4.603285572708551e-07
3.759134419737268e-07
4.025424780078031e-07
4.043252954617679e-07
4.270020456390640e-07
4.455816766714221e-07
4.755395948202289e-07
5.075054770505977e-07
4.886476948947639e-07
5.529356406907863e-07
5.286725537675788e-07
5.669771134011028e-07
6.072214857025163e-07
5.536991173296383e-07
6.131657630119259e-07
5.870858693323637e-07
5.696157432066793e-07
5.090752699280209e-07
4.885771085941993e-07
4.550644073095618e-07
