     6.531531041064781e-09
     4.536380857967046e-08
     6.839234689421152e-08
     2.209000399668980e-08
     8.090596924290458e-08
     9.355725058639895e-10
     4.009109730596396e-08
     1.154127358629178e-08
     6.406908897004986e-10
     1.741863492516021e-09
     1.660234988078489e-10
     4.531756414975673e-11
     6.378619283849856e-11
     1.747218843106715e-10
     1.420960049623956e-09
     4.814301679758458e-10
     7.847451069800748e-09
     2.834558092972840e-08
     6.869179489598676e-10
     7.927299381736785e-08
     2.794138455665712e-08
     1.393199867284918e-07
     2.766251317671288e-07
     3.471993901143996e-07
     3.472368257179577e-07
     2.767152197821155e-07
     1.393924610604511e-07
     2.796086283759364e-08
     7.934388453270687e-08
     6.876604700533903e-10
     2.835935964839577e-08
     7.802793033544853e-09
     4.721777735816858e-10
     1.362819823911916e-09
     1.549101388291668e-10
     4.992531440835156e-11
     4.992526817580296e-11
     1.549100682926580e-10
     1.362819595410453e-09
     4.721777403778737e-10
     7.802794243320494e-09
     2.835936205683390e-08
     6.876604689082911e-10
     7.934388224639984e-08
     2.796086187008865e-08
     1.393924574164935e-07
     2.767152167492475e-07
     3.472367920605496e-07
     3.471994346413315e-07
     2.766251293023110e-07
     1.393199837641616e-07
     2.794138374557493e-08
     7.927299154469697e-08
     6.869179265687767e-10
     2.834558260815157e-08
     7.847452734086696e-09
     4.814301408511842e-10
     1.420959836154380e-09
     1.747218127912077e-10
     6.378614126504421e-11
     4.531760376489453e-11
     1.660235661559426e-10
     1.741863709856607e-09
     6.406909164929487e-10
     1.154127139337925e-08
     4.009109521810950e-08
     9.355725262833863e-10
     8.090597228260103e-08
     2.209000509911189e-08
     6.839235102077198e-08
     4.536381252955375e-08
     6.531531861261679e-09