     6.531527787945157e-09
     4.536379893958680e-08
     6.839233990819591e-08
     2.209000266622769e-08
     8.090596655827122e-08
     9.355725018315568e-10
     4.009109747003257e-08
     1.154127385692881e-08
     6.406909093878311e-10
     1.741863544965731e-09
     1.660235038246775e-10
     4.531756568905015e-11
     6.378619281872785e-11
     1.747218849182052e-10
     1.420960053318298e-09
     4.814301677095226e-10
     7.847451076105889e-09
     2.834558093840915e-08
     6.869179342766475e-10
     7.927299382746195e-08
     2.794138456384728e-08
     1.393199867356230e-07
     2.766251317506759e-07
     3.471993900703838e-07
     3.472368256404620e-07
     2.767152196603009e-07
     1.393924609634152e-07
     2.796086281988620e-08
     7.934388465368831e-08
     6.876604558495146e-10
     2.835935975127085e-08
     7.802793017043847e-09
     4.721777705415199e-10
     1.362819816035676e-09
     1.549101379112385e-10
     4.992531388833374e-11
     4.992526859167672e-11
     1.549100690993869e-10
     1.362819598834361e-09
     4.721777412694604e-10
     7.802794244913591e-09
     2.835936199172743e-08
     6.876604579396875e-10
     7.934388218143826e-08
     2.796086187854242e-08
     1.393924574693951e-07
     2.767152168483268e-07
     3.472367921232432e-07
     3.471994346419138e-07
     2.766251292405219e-07
     1.393199836994652e-07
     2.794138373468124e-08
     7.927299160108279e-08
     6.869179185208950e-10
     2.834558266158009e-08
     7.847452723847291e-09
     4.814301396503389e-10
     1.420959832146517e-09
     1.747218123966090e-10
     6.378614100810179e-11
     4.531760380415733e-11
     1.660235661379894e-10
     1.741863709732723e-09
     6.406909155026614e-10
     1.154127139302753e-08
     4.009109521532283e-08
     9.355725257283349e-10
     8.090597228101467e-08
     2.209000510535087e-08
     6.839235102566585e-08
     4.536381253078368e-08
     6.531531865193833e-09