2.381668712924958e-06
2.454365794634758e-06
2.526378720805778e-06
2.599170025531174e-06
2.653733714146332e-06
2.737232157602001e-06
2.803448909428780e-06
2.871245568132796e-06
2.944336044871745e-06
3.023061827348887e-06
3.094980035156021e-06
3.165948932517631e-06
3.235926201738061e-06
3.310925068997043e-06
3.378831355621611e-06
3.445622975668628e-06
3.521549446485408e-06
3.575455570684598e-06
3.654098105030594e-06
3.732977246278078e-06
3.793690878152165e-06
3.861569966412679e-06
3.923288918189331e-06
4.002233564660171e-06
4.064323602714713e-06
4.140395751769534e-06
4.199497814428527e-06
4.251900576968274e-06
4.329101273361027e-06
4.388289376419770e-06
4.447086301228566e-06
4.483360228981332e-06
4.569947680919495e-06
4.655542961674386e-06
4.713116360456442e-06
4.778535477074680e-06
4.832468237871669e-06
4.909668348175998e-06
4.966653612073400e-06
5.034447192025297e-06
5.111741898842571e-06
5.164132481459480e-06
5.237951321940437e-06
5.286850790871765e-06
5.297015103870365e-06
5.370590842826124e-06
5.480390222913511e-06
5.523972358559869e-06
5.565344418955628e-06
5.641778669420140e-06
5.723433326891259e-06
5.782594142895341e-06
5.838836556552717e-06
5.896710831611602e-06
5.939128588704376e-06
5.989027458917222e-06
6.035499336352249e-06
6.057725293049952e-06
6.119678147879743e-06
6.219984546584633e-06
6.261301421211367e-06
6.300017955284219e-06
6.339779640041085e-06
6.374082829787870e-06
6.470862684663435e-06
6.505349306376074e-06
6.619480281891488e-06
6.666287588789596e-06
6.730490600123360e-06
6.777163476952443e-06
6.823277936871455e-06
6.820551529480668e-06
6.876749755689503e-06
6.949114054583670e-06
6.996613484695419e-06
7.063781298271730e-06
7.126198505649286e-06
7.164162254623309e-06
7.202222552154019e-06
7.240120594553177e-06
7.272212952864109e-06
7.324495310679065e-06
7.450645654620505e-06
7.496610471805384e-06
7.506589187824155e-06
7.550633154219786e-06
7.630919037962850e-06
7.681915291641729e-06
7.712121413353186e-06
7.776202404636533e-06
7.810476806711882e-06
7.887332155022151e-06
7.923864464409941e-06
7.960031670436805e-06
8.034954732426309e-06
8.066322333094397e-06
8.090969905054561e-06
8.113049836863242e-06
8.176778972349042e-06
8.266087083882194e-06
8.382892035445205e-06
