MATLAB_offset_1=[....
    -2.405618136931279e-01
    -1.909534716686921e-01
    -7.605027718682322e-15
    -1.383211286342904e-01
    -9.454592313488894e-02
     7.498816401163566e-09
    -6.056586479014731e-02
     7.430991044721225e-09
    -3.367093593835797e-02
    -1.870725796493389e-14
    -1.079546022542204e-02
    -6.605826996519681e-15
     1.079546022544530e-02
    -1.498801083243961e-15
     3.367093593835253e-02
     7.430981718847818e-09
     6.056583490241830e-02
     7.499169285551943e-09
     9.454592313528991e-02
     1.383211286342854e-01
     2.831068712794149e-15
     1.909534716686999e-01
     2.405618436128060e-01
     2.622287611943244e-01
     2.405618436128089e-01
     1.909534716686967e-01
     5.384581669432009e-15
     1.383211286342813e-01
     9.454592313540647e-02
     7.499062815163882e-09
     6.056583394141510e-02
     8.391081995906546e-09
     3.367093593836764e-02
     4.107825191113079e-15
     1.079546022543314e-02
     5.995204332975845e-15
    -1.079546022543975e-02
    -5.384581669432009e-15
    -3.367093593838846e-02
     7.431020132564470e-09
    -6.056586393129275e-02
     6.640799354862281e-09
    -9.454592313494413e-02
    -1.383211286342954e-01
     5.384581669432009e-15
    -1.909534716686984e-01
    -2.405618136931224e-01
    -2.622287911943404e-01
    -2.405618436127831e-01
    -1.909534716687283e-01
     6.261657858885883e-14
    -1.383211286343445e-01
    -9.454592313505769e-02
     7.498984155862587e-09
    -6.056586479014253e-02
     7.431006421310116e-09
    -3.367093593837553e-02
    -1.071365218763276e-14
    -1.079546022543109e-02
    -2.609024107869118e-15
     1.079546022542753e-02
     2.620126338115369e-14
     3.367093593832082e-02
     7.430995263568718e-09
     6.056583490242736e-02
     7.499341481143063e-09
     9.454592313511379e-02
     1.383211286342816e-01
     1.104671909502031e-14
     1.909534716686933e-01
     2.405618436128067e-01];