3.114197660635644e-06
3.475174001320834e-06
3.528081365635479e-06
3.490430910657745e-06
5.054084095958151e-06
4.635846037995970e-06
5.087847278811877e-06
5.103090183023422e-06
4.526507273574031e-06
4.349287637755358e-06
4.653617551917622e-06
4.908634792679588e-06
5.045797128225121e-06
5.129081248036631e-06
5.177292901777990e-06
5.054307060062671e-06
4.614776494531747e-06
6.978795647390890e-06
6.613877256018409e-06
7.350265330178596e-06
7.561851433231116e-06
7.534803371516530e-06
7.358431654779514e-06
5.933435024041109e-06
7.128084879055159e-06
7.489074279068659e-06
7.540742865232963e-06
7.483301775236161e-06
7.260420911734949e-06
6.683367313777616e-06
6.475982238594247e-06
9.559218095192020e-06
6.330738399629575e-06
8.911946142152445e-06
9.381382640255178e-06
9.401047447679524e-06
9.308872509930749e-06
8.487285837869142e-06
7.765943839228112e-06
9.088071244316538e-06
9.383665169646466e-06
9.482654667459085e-06
9.534345315281180e-06
9.568647034876521e-06
1.407000868476825e-05
1.273646462989165e-05
1.186834966787977e-05
1.322923858162585e-05
1.216890621059028e-05
1.063225257123274e-05
1.066582742582885e-05
1.056067148728202e-05
8.675264313743787e-06
9.826853783402906e-06
1.067736225140612e-05
1.084774426000837e-05
1.088180777183415e-05
1.288338474644436e-05
1.600610926151270e-05
1.114203388384119e-05
1.530857202823570e-05
1.620854219531157e-05
1.607809050383457e-05
1.568964668373581e-05
1.482319106538480e-05
1.265550996061945e-05
1.151014057065411e-05
9.892799910015000e-06
1.143016241378518e-05
1.175480874057659e-05
1.189132653273193e-05
1.932878859599784e-05
1.748022518937390e-05
1.321522954976276e-05
1.799700162454930e-05
1.846477750249236e-05
1.831911079352383e-05
1.805846616331455e-05
1.772893766352077e-05
1.722368464557610e-05
1.603351809758047e-05
1.189593113395783e-05
1.129925966537369e-05
1.254929573800267e-05
2.142274621321499e-05
2.066723525594117e-05
1.697231895282199e-05
1.724476276533604e-05
2.008639177089413e-05
2.015787627778581e-05
1.997134821813945e-05
1.985482164568213e-05
1.967975215047204e-05
1.937715266555106e-05
1.880537283827635e-05
1.705902921332508e-05
1.350410029127204e-05
1.622256655203005e-05
2.378407332449401e-05
2.126065699012264e-05
1.416909548994650e-05
