9.869604401139359e+00
9.869604401139359e+00
3.701101650532288e+00
3.701101650532282e+00
3.701101650532280e+00
3.610737192336835e+00
3.485267601858856e+00
3.389258504536120e+00
3.324548363383702e+00
2.924000016716350e+00
2.924000016716334e+00
2.134543857439269e+00
2.118857992967760e+00
2.108107553228433e+00
2.102360562302942e+00
2.097667056233530e+00
2.052529958321141e+00
1.949413023737375e+00
1.630702503105155e+00
1.627888613103975e+00
1.626443607380696e+00
1.500633445535160e+00
1.486591753764068e+00
1.476782176549445e+00
1.451456607695101e+00
1.330389250908967e+00
1.317999110538292e+00
1.301378843182974e+00
1.192644377590363e+00
1.188671751619207e+00
1.186612857276704e+00
1.186500182458831e+00
1.085736220961304e+00
1.077463030133639e+00
1.009350636691245e+00
1.007125925450340e+00
1.005752681600515e+00
9.965999346146263e-01
9.546085702159068e-01
9.472929121494561e-01
9.181768955341765e-01
8.793023509494515e-01
