3.111266537401828e-01
3.617557524191080e-01
4.223037715094610e-01
4.871747425469245e-01
5.520457135843880e-01
6.113574195303743e-01
6.674242207503904e-01
7.238645299700421e-01
7.806887105175251e-01
8.379828479644044e-01
8.956585391677819e-01
9.528627798082697e-01
1.009616931671215e+00
1.066427912485653e+00
1.123296097830296e+00
1.180157200783485e+00
1.236434814830202e+00
1.293036975032021e+00
1.349727889848640e+00
1.406357470883803e+00
1.463002479559947e+00
1.519535596768343e+00
1.575829684575489e+00
1.632233556445481e+00
1.688750376955016e+00
1.745314801495612e+00
1.801731899931950e+00
1.858177171419714e+00
1.914522688082970e+00
1.970872845432919e+00
2.027269377466455e+00
2.083712639906339e+00
2.140043512313149e+00
2.196395444094452e+00
2.252820603033995e+00
2.309145943786151e+00
2.365492807101114e+00
2.421816015947739e+00
2.478122343737384e+00
2.534447181030677e+00
2.590799599494712e+00
2.647186378631396e+00
