3.199999999989999e+01
3.199999999989998e+01
3.933601782969698e+01
2.415375214510347e+01
3.004471466251043e+01
3.645001237298405e+01
2.621543465351784e+01
2.443849803983235e+01
2.401770818976954e+01
1.958922843798766e+01
1.780318611224152e+01
3.159687586557637e+01
1.744960959625378e+01
1.547855915334371e+01
1.620757940625848e+01
6.080217922538464e+01
1.750448930534187e+01
1.256500093471734e+01
1.414373835625297e+01
1.107513591021462e+01
1.313747787036969e+01
2.552424039431205e+01
1.286493614212585e+01
1.147828651152866e+01
8.879974993807016e+00
1.230992282446977e+01
1.151709243548902e+01
1.716483272625844e+01
1.027149069810830e+01
8.901007049619762e+00
9.341441138720787e+00
2.985147218584189e+01
1.202931236083088e+01
7.420858028896527e+00
4.162665480975109e+01
7.806499692192264e+00
1.339886446934467e+02
1.141874162099229e+01
8.768274059642366e+00
6.533122075923531e+00
6.075603185330642e+00
2.611908507433992e+01
9.221631336036889e+00
6.864124927513774e+00
1.073724204650280e+01
6.428023353640130e+00
1.760555453683638e+01
7.705173649524740e+00
1.024225529554368e+01
5.579307013649134e+00
5.627655426796724e+00
6.628816331149150e+00
3.874672305822968e+01
6.320126887153532e+00
1.369499322859469e+01
5.168874100166857e+00
4.890917531461836e+00
1.286552312290238e+01
1.707506037422595e+01
5.159446211426313e+00
5.270750586227998e+00
4.997230402290137e+00
5.191882377350225e+00
5.924447759288643e+00
8.242842272211094e+00
4.842278709850023e+00
4.273281400400719e+00
5.750307931254962e+00
6.658825571388499e+00
4.656813754322884e+00
4.828891976595089e+00
4.483392521628372e+00
4.364805146683743e+00
2.059683984451993e+01
7.358995747251434e+00
4.524965875011357e+00
3.612209526999598e+00
5.629536123833145e+00
5.954080294306001e+00
6.340432980871166e+00
3.917672182022746e+00
8.295439312865788e+00
3.645519820421220e+00
4.168764930954699e+00
5.856117867430513e+00
4.934549045776802e+00
1.656501788980933e+01
4.316774604311970e+00
5.119056241964380e+00
5.283652042942862e+00
3.837563817215082e+00
1.687299371043179e+01
3.329656110125996e+00
3.344895676845819e+00
9.628661812631014e+00
5.351213527967280e+00
3.283938769037151e+00
3.557775053313915e+00
3.485072584606081e+00
3.921735464333724e+00
4.216958768349955e+00
