9.714859500868959e+00
1.164611206608884e+01
1.160172120382926e+01
9.842731854010667e+00
6.437103045818005e+00
4.752178859185397e+00
5.285047021298293e+00
5.837216189813349e+00
6.409747016695071e+00
6.789895224117797e+00
6.453222211538878e+00
6.250635108182165e+00
6.268853283594523e+00
6.230715806153192e+00
6.128650124420108e+00
5.998911200507311e+00
6.361719038519229e+00
6.488562923359019e+00
6.455311836854603e+00
6.333799329268628e+00
6.170655455884901e+00
6.069823904577185e+00
6.214409745381661e+00
6.349169529778331e+00
6.428012289826594e+00
6.349388271949455e+00
6.259759784091536e+00
6.224959885392098e+00
6.245936613819935e+00
6.268992912954744e+00
6.278906698256812e+00
6.274778889197083e+00
6.334290373207746e+00
6.321307164085898e+00
6.296660783943800e+00
6.265929227519162e+00
6.223505603510497e+00
6.237257272419224e+00
6.293553399820622e+00
6.347474319737873e+00
6.323847026428709e+00
6.280297850401054e+00
