2.932930397233966e-12
5.782863089958715e-11
2.251117121983399e-10
4.979446112738475e-10
8.138670646373490e-10
2.269038846204982e-09
4.113983838889633e-09
7.286624523702762e-09
1.329825734608343e-08
2.094791472676226e-08
3.301262826584889e-08
4.953452872258736e-08
6.978671057335403e-08
9.534976735540583e-08
1.067228858920507e-07
1.269780738027939e-07
1.339831599866667e-07
1.173957778585853e-07
1.516311372510680e-07
9.703260933442993e-08
1.186386669359552e-07
1.418092417842264e-07
1.028271013652154e-07
9.019045262351498e-08
1.047506554003455e-07
8.864932663121959e-08
8.398444101668960e-08
8.244079574577066e-08
8.380937050261487e-08
7.637437872288607e-08
7.570600947756257e-08
6.511861404665715e-08
5.820621505583234e-08
7.474295479702545e-08
6.345283049465066e-08
5.902445619161451e-08
5.572643487630443e-08
6.394238083780121e-08
5.784941130622989e-08
5.558327357210156e-08
5.742541601568947e-08
4.839853856680022e-08
4.317752423585958e-08
4.690449978362476e-08
5.052417266445783e-08
4.476967168124595e-08
4.902943235628680e-08
4.631084209100521e-08
3.903288811373446e-08
4.450608436853696e-08
4.435978336558733e-08
4.208903965446177e-08
3.632678765152737e-08
4.129031236966490e-08
4.563282352870111e-08
3.547725332119431e-08
3.544400652853526e-08
3.796052518472707e-08
3.353199027878586e-08
3.374872864673617e-08
3.651478702063388e-08
3.731961271342768e-08
3.212252768603835e-08
3.323511090662769e-08
3.437228008765448e-08
3.258369205588522e-08
2.876580091313626e-08
3.213059364082631e-08
3.354809589119276e-08
2.662069339181453e-08
2.978649528203790e-08
3.241315492152127e-08
3.038141123523243e-08
2.786025939114747e-08
2.902528722406082e-08
2.931718617490016e-08
2.528029778452502e-08
2.582779561334333e-08
3.058643034670054e-08
2.853974804073243e-08
2.562756074434714e-08
2.768775607505899e-08
3.031100204045366e-08
2.466775431555755e-08
2.471793046948580e-08
2.704744410338233e-08
2.602584909986460e-08
2.230292176192354e-08
2.387703033676243e-08
2.849391361783541e-08
2.309659013962842e-08
2.222712054953891e-08
2.535158530078078e-08
2.377788874796417e-08
2.215401405668097e-08
2.238877467991475e-08
2.367766960352102e-08
2.281491354434315e-08
2.126564363170061e-08
2.353603665563488e-08
2.443167891516431e-08
