1.570368807935155e+00
1.614362913178109e+00
1.658356721424931e+00
1.702350059930209e+00
1.746341892855395e+00
1.790334326439755e+00
1.834326160495144e+00
1.878315553978120e+00
1.922308207178715e+00
1.966296507767940e+00
2.010286638055444e+00
2.054275366821319e+00
2.098264012651816e+00
2.142252919462728e+00
2.186241447236042e+00
2.230229813198094e+00
2.274217537774963e+00
2.318206202257623e+00
2.362194052608604e+00
2.406180993125217e+00
2.450169414266398e+00
2.494156171991401e+00
2.538143281791358e+00
2.582130307460435e+00
2.626117115083495e+00
2.670103636641147e+00
2.714089299132296e+00
2.758075555154242e+00
2.802061071300741e+00
2.846047474822115e+00
2.890033016821624e+00
2.934018746078152e+00
2.978004750375989e+00
3.021990339387230e+00
3.065975516926326e+00
3.109961387174323e+00
3.153946609830402e+00
3.197932049051608e+00
3.241916952993047e+00
3.285902909525990e+00
3.329887342518155e+00
3.373872534376618e+00
3.417857120457451e+00
3.461841609956688e+00
3.505826205078213e+00
3.549810763852709e+00
3.593795176399500e+00
3.637779833996289e+00
3.681764431140189e+00
3.725748745952379e+00
3.769733150720449e+00
3.813717976769658e+00
3.857701954540833e+00
3.901686410575570e+00
3.945670844707090e+00
3.989655060410072e+00
4.033639092688259e+00
4.077623314442770e+00
4.121607333330008e+00
4.165591076959882e+00
4.209575141151999e+00
4.253558803062101e+00
4.297542734128831e+00
4.341526625609715e+00
4.385510365554529e+00
4.429494099586806e+00
4.473478290148888e+00
4.517461757971880e+00
4.561445660662456e+00
4.605429385778628e+00
4.649413373765340e+00
4.693396738467158e+00
4.737380679670057e+00
4.781364138163088e+00
4.825347767311612e+00
4.869331238879894e+00
4.913314544683976e+00
4.957297953021687e+00
5.001281520391223e+00
5.045264795328835e+00
5.089248291636840e+00
5.133231777091448e+00
5.177215227967123e+00
5.221198423891115e+00
5.265182100979158e+00
5.309165420276964e+00
5.353148761946020e+00
5.397132168705036e+00
5.441115541188683e+00
5.485098865403282e+00
5.529082204125529e+00
5.573065381038582e+00
5.617048427638681e+00
5.661031659204653e+00
5.705014744260278e+00
5.748997848992776e+00
5.792981116730135e+00
5.836964292846321e+00
5.880947293378741e+00
5.924930637882428e+00
5.968913785544554e+00
