6.284691415050355e+00
6.283604588868574e+00
6.282255420350071e+00
6.283454706604860e+00
6.281792417818695e+00
6.285178899456994e+00
6.282128235500207e+00
6.284094329399405e+00
6.281855410070256e+00
6.282663895227206e+00
6.283281531501752e+00
6.282658903605367e+00
6.285208027578234e+00
6.282313694435988e+00
6.283966555159722e+00
6.282902253201121e+00
6.282846983936453e+00
6.284699481857320e+00
6.282369936122302e+00
6.284621450453409e+00
6.282134884178068e+00
6.283161987852866e+00
6.283462260263980e+00
6.282222164145697e+00
6.284650936453007e+00
6.281810955094512e+00
6.283870878492763e+00
6.283035569878106e+00
6.282828470270531e+00
6.284207056090906e+00
6.282099500113318e+00
6.284420110052875e+00
6.282751410544065e+00
6.283281542082155e+00
6.283728084328756e+00
6.282187009316534e+00
6.284331132043395e+00
6.282355490590096e+00
6.283766115958743e+00
6.283036314480198e+00
6.282626865808302e+00
6.283711030058166e+00
6.282349727605453e+00
6.284017758913451e+00
6.282963758679093e+00
6.283132576551701e+00
6.283564848551820e+00
6.282624954442767e+00
6.283943811812051e+00
6.282806472088624e+00
6.283615737288804e+00
6.283229817896868e+00
6.282797037075003e+00
6.283567507856816e+00
6.282798642884199e+00
6.283619929951534e+00
6.283042825786905e+00
6.283017553834456e+00
6.283325633534445e+00
6.282881350738755e+00
6.283519946955074e+00
6.283015542154442e+00
6.283334197388577e+00
6.283281865178949e+00
6.283011479327524e+00
6.283425210154975e+00
6.283037550626333e+00
6.283345306635414e+00
6.283114252515578e+00
6.283296113177350e+00
6.283206990655937e+00
6.283050656208525e+00
6.283187341341543e+00
6.283078195383261e+00
6.283292508662051e+00
6.283161739574659e+00
6.283222229360119e+00
6.283187031623926e+00
6.283144507560154e+00
6.283275521571911e+00
6.283107449273897e+00
6.283425869258097e+00
6.283111088688274e+00
6.283231282075436e+00
6.283157804654005e+00
6.283152765908657e+00
6.283331562228280e+00
6.283076946035815e+00
6.283329387922354e+00
6.283047687611218e+00
6.283148037686837e+00
6.283239071062336e+00
6.283077241226756e+00
6.283398744953685e+00
6.283024698983707e+00
6.283281396725738e+00
6.283199479972289e+00
6.283138624387621e+00
6.283372292083374e+00
6.283003488881145e+00
6.283395688347371e+00
