2.042608402463140e-13
1.971213944885618e-13
2.271260577145196e-13
2.039433035648500e-13
1.595645953535051e-13
1.989924022315518e-13
2.439552198507255e-13
2.312197438821763e-13
2.378008387189012e-13
2.305273174024704e-13
2.686753721426874e-13
2.454382091441709e-13
2.299915887197462e-13
2.332979431478380e-13
2.690596327372668e-13
1.905680611065545e-13
2.355153261841208e-13
2.398355643548937e-13
2.681777725348559e-13
2.827480901362561e-13
3.239499397425339e-13
3.091208346851656e-13
2.912194243368614e-13
