4.493247042254598e-01
4.637226805858545e-01
4.781957811012609e-01
4.927387255495800e-01
5.073464540280120e-01
5.220141216907025e-01
5.367370932413918e-01
5.515109372296144e-01
5.663314201961875e-01
5.811945007074287e-01
5.960963233165486e-01
6.110332124845447e-01
6.260016664910512e-01
6.409983513612899e-01
6.560200948334873e-01
6.710638803864570e-01
6.861268413462155e-01
7.012062550870840e-01
7.162995373403950e-01
7.314042366223759e-01
7.465180287907350e-01
7.616387117373521e-01
7.767642002231626e-01
