3.418112812741682e+00
3.433544301433819e+00
3.449186017687394e+00
3.465034291320796e+00
3.481085499989988e+00
3.497336070328185e+00
3.513782478929810e+00
3.530421253187556e+00
3.547248971991245e+00
3.564262266296930e+00
3.581457819574461e+00
3.598832368141494e+00
3.616382701391686e+00
3.634105661924451e+00
3.651998145583451e+00
3.670057101410663e+00
3.688279531522506e+00
3.706662490914303e+00
3.725203087198986e+00
3.743898480285645e+00
3.762745882003268e+00
3.781742555674685e+00
3.800885815645484e+00
