6.555325681797071e-23
5.839068071302494e-23
1.050906745888787e-23
1.428128446851301e-23
6.632072245572401e-23
5.931366006935881e-23
6.550140664275973e-23
9.676993560092363e-24
1.025173641510580e-23
1.104674742819406e-23
5.621082759423195e-23
1.321683733353242e-23
2.527351707500859e-25
4.570892464676828e-25
5.463578134889047e-23
1.096164546989077e-23
1.130006659255416e-23
1.060419084922255e-23
1.542865578361576e-23
5.344041920737692e-23
1.940932029798410e-22
1.831095469855145e-22
1.811156408257695e-22
