6.307346248213261e+00
6.316953850453532e+00
6.327018814150282e+00
6.327604210455598e+00
6.311009862727039e+00
6.309444858382599e+00
6.305366808227077e+00
6.295727919735148e+00
6.300944475448461e+00
6.304098703517143e+00
6.305223876986816e+00
6.304318724950774e+00
6.301893180759930e+00
6.300102978722511e+00
6.303854846520689e+00
6.300850813760487e+00
6.297245059799651e+00
6.297747723452763e+00
6.295286863963500e+00
6.293832512362624e+00
6.292882627191126e+00
6.298285441713003e+00
6.300138993819748e+00
6.299736263998128e+00
6.296314772985664e+00
6.291376608680623e+00
6.292120421872078e+00
6.292505301532407e+00
6.290954403913011e+00
6.292715405664759e+00
6.294644839618850e+00
6.295359361376410e+00
6.292948044822511e+00
6.290793096561312e+00
6.290927728440795e+00
6.292252271343555e+00
6.291537378610434e+00
6.289566469125677e+00
6.289622871818604e+00
6.289595112173377e+00
6.291079631743875e+00
6.290304172545467e+00
6.291620234671212e+00
6.290648729067827e+00
6.290630090532986e+00
6.288547601867705e+00
6.286854090881757e+00
6.288160503962690e+00
6.289203871093632e+00
6.289452647778771e+00
6.290203195610692e+00
6.290016435420229e+00
6.288131229686485e+00
6.288381267777300e+00
6.287425773563490e+00
6.287466206739903e+00
6.288289290403209e+00
6.288201932958696e+00
6.287181387738662e+00
6.287530054855147e+00
6.287827004875611e+00
6.288417851455816e+00
6.287880214312180e+00
6.287704943770837e+00
6.287174120892066e+00
6.286927405734668e+00
6.286368286201495e+00
6.285918610897586e+00
6.287068973451835e+00
6.288166692291906e+00
6.287961735277507e+00
6.286930109591715e+00
6.286613930796535e+00
6.285864461749052e+00
6.286402246277575e+00
6.286145623435745e+00
6.286074212123273e+00
6.286741914969552e+00
6.286910200684924e+00
6.286173644721363e+00
6.286113017959883e+00
6.286412918779337e+00
6.286264596429333e+00
6.286246701459357e+00
6.285863976664589e+00
6.285523964849138e+00
6.285551944579880e+00
6.285880296757878e+00
6.285944180362709e+00
6.286323856519606e+00
6.286444727585995e+00
6.286064561284475e+00
6.285312838624986e+00
6.285221213324737e+00
6.285053817207248e+00
6.285573462431270e+00
6.285647876640380e+00
6.285538232637160e+00
6.285897567226473e+00
6.285544181176101e+00
6.285378327713946e+00
