1.563869859979527e+00
1.607956879117720e+00
1.652111619488047e+00
1.696336486585724e+00
1.740578681997715e+00
1.784732867253294e+00
1.828832179671004e+00
1.872997879882125e+00
1.917040145879559e+00
1.961110569439689e+00
2.005209323247759e+00
2.049336578178580e+00
2.093478087220468e+00
2.137526794092180e+00
2.181591610970433e+00
2.225704051580407e+00
2.269810262613268e+00
2.313866955565549e+00
2.357937293854487e+00
2.401980185021146e+00
2.446055000184079e+00
2.490074245023548e+00
2.534132343033066e+00
2.578204339091857e+00
2.622297137265024e+00
2.666378472808753e+00
2.710383150201387e+00
2.754406504472072e+00
2.798471010196093e+00
2.842492191341552e+00
2.886519119688815e+00
2.930567989653152e+00
2.974621968256468e+00
3.018686461059310e+00
3.062700038956808e+00
3.106711826133441e+00
3.150749268718756e+00
3.194799894229913e+00
3.238812312409872e+00
3.282824781198993e+00
3.326840508900911e+00
3.370894599694802e+00
3.414908597248144e+00
3.458934709899439e+00
3.502953962887908e+00
3.546989834616857e+00
3.591017843217184e+00
3.635005418050162e+00
3.679008156613835e+00
3.723036738955882e+00
3.767061310745809e+00
3.811075627563442e+00
3.855102112873604e+00
3.899106345456663e+00
3.943136396427907e+00
3.987139625943682e+00
4.031132910041203e+00
4.075144012127912e+00
4.119173029895717e+00
4.163174931333441e+00
4.207177893922662e+00
4.251184815936504e+00
4.295207105800153e+00
4.339216692086516e+00
4.383221336740118e+00
4.427220935995424e+00
4.471226534485212e+00
4.515243859374901e+00
4.559232489928741e+00
4.603229847854728e+00
4.647244409142251e+00
4.691264646728335e+00
4.735263402862936e+00
4.779267768659810e+00
4.823257440701404e+00
4.867267914642647e+00
4.911271436174165e+00
4.955259069825332e+00
4.999260650263881e+00
5.043275776199557e+00
5.087277944247669e+00
5.131272729098709e+00
5.175270893338905e+00
5.219272685374235e+00
5.263278027336443e+00
5.307274115804298e+00
5.351264689611500e+00
5.395260000256655e+00
5.439271321920092e+00
5.483265678994832e+00
5.527257773696253e+00
5.571260332234292e+00
5.615268911300157e+00
5.659258365249609e+00
5.703255259859656e+00
5.747240288680129e+00
5.791241085454306e+00
5.835247062893292e+00
5.879234008829945e+00
5.923230939986673e+00
5.967231040958148e+00
