6.307344670463374e+00
6.316948496702508e+00
6.327017470946890e+00
6.327575982735363e+00
6.310956391538610e+00
6.309422924841010e+00
6.305363011147446e+00
6.295686150181482e+00
6.300928887820706e+00
6.304092239787119e+00
6.305226765562355e+00
6.304333624224883e+00
6.301693228038411e+00
6.299990956782106e+00
6.303856765354052e+00
6.300852814368885e+00
6.297223861046214e+00
6.297740656044303e+00
6.295273866301095e+00
6.293832673441301e+00
6.292871497083783e+00
6.298300257951097e+00
6.300146692598719e+00
6.299738427333574e+00
6.296314134731320e+00
6.291362992288076e+00
6.292116756341373e+00
6.292504352507702e+00
6.290948882547339e+00
6.292712364506641e+00
6.294654854415112e+00
6.295332693033215e+00
6.292932706186261e+00
6.290784295576246e+00
6.290912141790598e+00
6.292252502626345e+00
6.291535098777218e+00
6.289548691780582e+00
6.289620278118238e+00
6.289595234535209e+00
6.291094152459715e+00
6.290316241370997e+00
6.291624732608732e+00
6.290629833223097e+00
6.290630871090435e+00
6.288543852733791e+00
6.286856283190773e+00
6.288159372557676e+00
6.289207215151023e+00
6.289456236536017e+00
6.290203875168401e+00
6.290017375798010e+00
6.288131438221840e+00
6.288382320330677e+00
6.287425208619273e+00
6.287459040452765e+00
6.288289046617862e+00
6.288202867046975e+00
6.287171374518653e+00
6.287531500653015e+00
6.287841028016285e+00
6.288423568538435e+00
6.287877247169710e+00
6.287703568715441e+00
6.287169109795410e+00
6.286926651586598e+00
6.286368018659729e+00
6.285916896674176e+00
6.287069273342566e+00
6.288174268990002e+00
6.287964424508862e+00
6.286926454977735e+00
6.286611033406070e+00
6.285869661074490e+00
6.286403046288488e+00
6.286147174925096e+00
6.286072430021179e+00
6.286741849361854e+00
6.286910693593497e+00
6.286244053286437e+00
6.286116204169215e+00
6.286412347834282e+00
6.286267908807294e+00
6.286245512259349e+00
6.285862755090935e+00
6.285525265300003e+00
6.285544932411117e+00
6.285877629152127e+00
6.285929702005942e+00
6.286321944135773e+00
6.286443630775318e+00
6.286064588401416e+00
6.285319953510482e+00
6.285224632835053e+00
6.285058781448690e+00
6.285575025993354e+00
6.285647831370876e+00
6.285519188595749e+00
6.285913681175074e+00
6.285577140597876e+00
6.285374946488927e+00
