6.184508525692244e+00
6.292458762593068e+00
6.394103815973985e+00
6.426166394682491e+00
6.363018964113127e+00
6.266753841994375e+00
6.245336760167664e+00
6.221026438426272e+00
6.247235370223152e+00
6.265916061924590e+00
6.276651531263051e+00
6.279014709756833e+00
6.279967273784257e+00
6.334609932176170e+00
6.325822399534629e+00
6.309944911959829e+00
6.288639297899495e+00
6.262806898316266e+00
6.229434288801674e+00
6.233398326455871e+00
6.250543324106832e+00
6.309185025297801e+00
6.347309342065459e+00
6.332092756243423e+00
6.301055582570473e+00
6.258422293659637e+00
6.252289024508267e+00
6.259794612652319e+00
6.263262807420097e+00
6.279830391919424e+00
6.296562386681805e+00
6.308868302416329e+00
6.297224041535265e+00
6.279988648381589e+00
6.288907649662971e+00
6.286180418963007e+00
6.280020358939139e+00
6.271292774880433e+00
6.263546984192862e+00
6.264723848011198e+00
6.288362677423418e+00
6.302895327353706e+00
6.305294192393309e+00
6.302526444119846e+00
6.286618206659302e+00
6.267543278135149e+00
6.259148999812343e+00
6.267924785145137e+00
6.279695770164640e+00
6.289369037687954e+00
6.301553461766449e+00
6.298989657768647e+00
6.285409408918503e+00
6.280886865477132e+00
6.275331826427756e+00
6.278903652164850e+00
6.280421218366276e+00
6.279969846285875e+00
6.277491360397052e+00
6.280426231148996e+00
6.291945190993770e+00
6.294753229360828e+00
6.290744581161211e+00
6.286787878780106e+00
6.282743037806014e+00
6.274030899567555e+00
6.270692403280748e+00
6.273875473966234e+00
6.283704790703133e+00
6.295486538399939e+00
6.296322882400164e+00
6.290311456125962e+00
6.280712750454328e+00
6.276743731730817e+00
6.277994661067661e+00
6.277895779211107e+00
6.280772017489968e+00
6.284313406405464e+00
6.286588494818628e+00
6.286012274047660e+00
6.286559666331999e+00
6.285481783438273e+00
6.286707402236655e+00
6.283382256114514e+00
6.280125248192758e+00
6.278004312498110e+00
6.275933510210416e+00
6.281197983849036e+00
6.287519623201346e+00
6.290770842596896e+00
6.290606753977919e+00
6.286728687421140e+00
6.279567273797893e+00
6.276998623377912e+00
6.277543526246112e+00
6.280869327829807e+00
6.283277465118402e+00
6.286307682065298e+00
6.289631710517678e+00
6.286037465918589e+00
6.283035642491717e+00
