6.307345476965366e+00
6.316962570522493e+00
6.327071763795220e+00
6.327528333632701e+00
6.310750110039168e+00
6.309353874203961e+00
6.305369697515721e+00
6.295613783464283e+00
6.300893684683938e+00
6.304074710640334e+00
6.305226726355380e+00
6.304358386731411e+00
6.301418543847256e+00
6.299816691612216e+00
6.303872722974992e+00
6.300855745856652e+00
6.297166403402792e+00
6.297720189678113e+00
6.295255233037196e+00
6.293835618586546e+00
6.292857138679269e+00
6.298351797556731e+00
6.300173615235242e+00
6.299741090137569e+00
6.296315137109762e+00
6.291329195987347e+00
6.292109711289818e+00
6.292502854216908e+00
6.290931891639444e+00
6.292704901602255e+00
6.294683273320174e+00
6.295280328439706e+00
6.292904735769318e+00
6.290789599839528e+00
6.290877045196615e+00
6.292254136652126e+00
6.291529693884176e+00
6.289510620046742e+00
6.289614511736061e+00
6.289604734152435e+00
6.291138051518051e+00
6.290321297319073e+00
6.291639117569112e+00
6.290596445613860e+00
6.290634655244925e+00
6.288539982797303e+00
6.286839532948489e+00
6.288157547261101e+00
6.289218364511886e+00
6.289468997440355e+00
6.290212697835683e+00
6.290023116058046e+00
6.288127836294096e+00
6.288387287059666e+00
6.287420227963274e+00
6.287439925682227e+00
6.288288758789575e+00
6.288206529156959e+00
6.287159406002468e+00
6.287546710934542e+00
6.287834762834276e+00
6.288440970770912e+00
6.287872126261365e+00
6.287701959905119e+00
6.287154072243771e+00
6.286927654986297e+00
6.286369100522847e+00
6.285902027247628e+00
6.287079299292882e+00
6.288207717701109e+00
6.287975501840867e+00
6.286912254170521e+00
6.286619366169094e+00
6.285858432948285e+00
6.286404616120779e+00
6.286143925897105e+00
6.286060684249431e+00
6.286748338104278e+00
6.286930296739722e+00
6.286179370666817e+00
6.286113238820515e+00
6.286418998271603e+00
6.286263938046237e+00
6.286246613741501e+00
6.285860539571824e+00
6.285515715900051e+00
6.285551444901675e+00
6.285888508303367e+00
6.285928742439030e+00
6.286329611469618e+00
6.286450386444410e+00
6.286068879922249e+00
6.285310078891223e+00
6.285221304738433e+00
6.285052027211607e+00
6.285575253033728e+00
6.285649741081017e+00
6.285530368530320e+00
6.285899559184358e+00
6.285543319052471e+00
6.285383016553450e+00
