1.490915647455799e-01
1.993073488059641e-01
2.449536734996419e-01
2.869448126457807e-01
3.299995744666367e-01
3.732769554303631e-01
4.148942937902095e-01
4.569621667536377e-01
4.991406624936138e-01
5.410316186112055e-01
5.827688977816613e-01
6.245731213874046e-01
6.664550811339005e-01
7.080666113067049e-01
7.497207038839565e-01
7.914229742813095e-01
8.330770533612918e-01
8.746625905714914e-01
9.162770784472916e-01
9.579152035559494e-01
9.994735435983932e-01
1.041042297472932e+00
1.082624065184486e+00
1.124193712277963e+00
1.165739200251648e+00
1.207279535822739e+00
1.248836894128904e+00
1.290372382924656e+00
1.331895129246623e+00
1.373434172449658e+00
1.414968442070453e+00
1.456482468488118e+00
1.498007196543755e+00
1.539522956135183e+00
1.581037402346211e+00
1.622548109792349e+00
1.664055856401030e+00
1.705574006481362e+00
1.747074991374552e+00
1.788576848990190e+00
1.830087063093700e+00
1.871584221653285e+00
1.913083217784475e+00
1.954583596094860e+00
1.996081869132654e+00
2.037578067143393e+00
2.079071006823150e+00
2.120566501442017e+00
2.162063707552090e+00
2.203551903128885e+00
2.245044529075031e+00
2.286537556397585e+00
2.328024375030181e+00
2.369513007157412e+00
2.411002328972362e+00
2.452491292477678e+00
2.493979120580998e+00
2.535464236529789e+00
2.576951785018037e+00
2.618437949346714e+00
2.659919366867873e+00
2.701404945070564e+00
2.742890736233730e+00
2.784372506575675e+00
2.825856800817019e+00
2.867339229366481e+00
2.908822117160538e+00
2.950304279569435e+00
2.991784223876288e+00
3.033267057971349e+00
3.074747650958674e+00
3.116226704413452e+00
3.157708839401677e+00
3.199188376460726e+00
3.240667552294127e+00
3.282148892595896e+00
3.323627130768120e+00
3.365106118125698e+00
3.406584374798635e+00
3.448061951383644e+00
3.489541905974548e+00
3.531018638912378e+00
3.572497179300575e+00
3.613976377599005e+00
3.655452171694912e+00
3.696929660070291e+00
3.738406555152183e+00
3.779883129906051e+00
3.821360189608975e+00
3.862836526017320e+00
3.904313044935141e+00
3.945790397650964e+00
3.987265051064592e+00
4.028741733744918e+00
4.070217851184607e+00
4.111692410951899e+00
4.153168671446561e+00
4.194643506009678e+00
4.236118943129879e+00
4.277594844001140e+00
4.319068901498740e+00
