1.356572694102271e-05
1.673624081372310e-05
1.309252480410439e-05
1.136860688265559e-05
1.011165265543126e-05
9.639907093514357e-06
8.565750488631008e-06
7.898438790349836e-06
7.345518088131924e-06
6.796755687010506e-06
6.322089654243823e-06
5.970607977398386e-06
5.715146669212506e-06
5.351525151857190e-06
5.048163758810864e-06
4.788134308081246e-06
4.601213029464023e-06
4.430217226808877e-06
4.224136044131390e-06
4.015095570973601e-06
3.865934070705000e-06
3.738161508410010e-06
3.615254137035952e-06
3.483902047727388e-06
3.338522642315740e-06
3.243568899964492e-06
3.149795729957850e-06
3.048571561968828e-06
2.966037190753575e-06
2.860314681053744e-06
2.790285685935714e-06
2.722307419523079e-06
2.640483631767287e-06
2.579300747959268e-06
2.500081027628297e-06
2.445411605780426e-06
2.394696182388851e-06
2.331979768763900e-06
2.280251765513913e-06
2.221601118783705e-06
2.177961323418733e-06
2.135433840166739e-06
2.088094168979147e-06
2.042787275679255e-06
1.998299289348651e-06
1.962903251962672e-06
1.925485543213181e-06
1.891689247400759e-06
1.853066636645065e-06
1.815748776289274e-06
1.787848553016746e-06
1.754076486165743e-06
1.727554407980114e-06
1.694416963435362e-06
1.664825011947695e-06
1.642272111279998e-06
1.612402707141183e-06
1.588234525082710e-06
1.563706782084892e-06
1.537943237768479e-06
1.516477422932939e-06
1.491345716961497e-06
1.469513818383472e-06
1.450881975242108e-06
1.426699630465165e-06
1.408981678685469e-06
1.389646829158111e-06
1.367609195962361e-06
1.352181509618671e-06
1.331506565757150e-06
1.315026291963622e-06
1.299185290756922e-06
1.279440969937220e-06
1.266158408075805e-06
1.249423305868928e-06
1.233215653640816e-06
1.219990953831367e-06
1.203084767943200e-06
1.189252443934022e-06
1.176105326724918e-06
1.161128925015927e-06
1.149036565144462e-06
1.135450384186982e-06
1.122337552594994e-06
1.111365580338556e-06
1.097573293583472e-06
1.085455871027685e-06
1.075030953425495e-06
1.062231299235324e-06
1.051583293293899e-06
1.040928251968777e-06
1.029685060269695e-06
1.020750488108672e-06
1.009093081219989e-06
9.981719848532345e-07
9.897615839550960e-07
9.784798410577057e-07
9.704066925612353e-07
9.613616771272790e-07
9.502623911377302e-07
9.425617516824888e-07
