3.886706520822047e+00
3.941861271624934e+00
3.997528432556082e+00
4.055872702716647e+00
4.107980780738093e+00
4.158775236613374e+00
4.208896733626928e+00
4.258840904327622e+00
4.309015353201281e+00
4.357551526228457e+00
4.408227813558642e+00
4.451821203449140e+00
4.498179766877847e+00
4.544032639367614e+00
4.589267529680140e+00
4.634494859360132e+00
4.683209762133360e+00
4.724530007435368e+00
4.767719281850995e+00
4.807306621954403e+00
4.848089818920529e+00
4.888155189305839e+00
4.927450844989782e+00
4.971709854941301e+00
5.004715772005200e+00
5.042692299451386e+00
5.080467648653979e+00
5.117898992376253e+00
5.155130026099078e+00
5.193231578641184e+00
5.233912222437193e+00
5.266093840065256e+00
5.299769261434109e+00
5.330720663307917e+00
5.362166636191789e+00
5.393954200552588e+00
5.426522665066049e+00
5.456543781132607e+00
5.487188141460004e+00
5.515906678527978e+00
5.545947012688519e+00
5.575879598564584e+00
5.605532039948949e+00
5.634817279205858e+00
5.667307333959666e+00
5.695275519571052e+00
5.719659507864176e+00
5.745249617385430e+00
5.771775783467864e+00
5.799879350478224e+00
5.822020630145623e+00
5.846076846002285e+00
5.873099470521221e+00
5.894757169253507e+00
5.918630344111476e+00
5.943091925644607e+00
5.968092668621041e+00
5.994743632965765e+00
6.018371853123968e+00
6.045665010061592e+00
6.057219904222141e+00
6.078353947994065e+00
6.099406788179786e+00
6.119955553424162e+00
6.140085941330637e+00
6.160526438555046e+00
6.179307249420436e+00
6.198968993923918e+00
6.217833937753097e+00
6.237835066753240e+00
6.258721794124364e+00
6.282326856962453e+00
6.298756947614145e+00
6.311689444086260e+00
6.327602495169119e+00
6.344535829168635e+00
6.360968616049671e+00
6.376984527272906e+00
6.393010390725106e+00
6.408435189549276e+00
6.424150614021529e+00
6.440278326617594e+00
6.456158611516098e+00
6.472843043955630e+00
6.495944948152149e+00
6.514470477990597e+00
6.524716582421670e+00
6.535166960198496e+00
6.549437195851088e+00
6.560985788541310e+00
6.575842490356156e+00
6.592917435823945e+00
6.606823230237111e+00
6.619950180925691e+00
6.632588881611808e+00
6.645139321660525e+00
6.656026865963132e+00
6.675871179238273e+00
6.693307306325139e+00
6.703657880458362e+00
6.721286691457151e+00
