1.289819138508246e+01
1.329400017952868e+01
1.369282892786337e+01
1.409381597666675e+01
1.450337607737138e+01
1.489644138305500e+01
1.528595237539618e+01
1.567623445716002e+01
1.606561293309276e+01
1.645683759663333e+01
1.685608281968249e+01
1.726061084996200e+01
1.766516285689480e+01
1.806871670995052e+01
1.847160259754926e+01
1.887441806294330e+01
1.928368763208424e+01
1.970759907649781e+01
2.011848225103281e+01
2.048889313399683e+01
2.087844020429442e+01
2.126449313610136e+01
2.164413048359467e+01
2.205259171249880e+01
2.241552465674238e+01
2.281244247571869e+01
2.320798275454684e+01
2.360128840554983e+01
2.399150098616958e+01
2.437601669715640e+01
2.478416491741423e+01
2.518513051647112e+01
2.553203306199243e+01
2.591002223450096e+01
2.630304877945386e+01
2.667675766350441e+01
2.703081795619930e+01
2.740515643803726e+01
2.779621168995993e+01
2.820417828794285e+01
2.860750636127425e+01
2.900606852427826e+01
2.939998864504144e+01
2.978849866167067e+01
3.023144337564724e+01
3.059025485628438e+01
3.090417749892186e+01
3.125528469349420e+01
3.159847817729458e+01
3.188715912476553e+01
3.225675304918894e+01
3.263584529742396e+01
3.294829244103879e+01
3.336591363894886e+01
3.376886794889829e+01
3.416244929015583e+01
3.455268185374474e+01
3.502462054089526e+01
3.541384413967904e+01
3.579788676017117e+01
3.603836795498339e+01
3.639580098994487e+01
3.674473987977238e+01
3.708047566623669e+01
3.740061808376848e+01
3.768266553113759e+01
3.799820838649249e+01
3.830508304501439e+01
3.872617995137187e+01
3.910244584747684e+01
3.954120691217870e+01
4.001734639159265e+01
4.034451757590314e+01
4.058888165780132e+01
4.094163712556572e+01
4.129866659645509e+01
4.164390395471668e+01
4.197573934368518e+01
4.229323228049222e+01
4.259399351075891e+01
4.288729153382298e+01
4.314738923260847e+01
4.345927934919474e+01
4.387713354917777e+01
4.441754606120197e+01
4.482486462086136e+01
4.502317602950436e+01
4.528189441558596e+01
4.564192864815291e+01
4.596677525689884e+01
4.631495755274528e+01
4.668127519673730e+01
4.700877582595257e+01
4.731767190507565e+01
4.761028423262778e+01
4.788397605696731e+01
4.806031744669652e+01
4.863160935576835e+01
4.910798510771197e+01
4.939258361851130e+01
4.968332909316310e+01
