2.189264401183120e-05
1.866845807821720e-05
1.376287993451298e-05
1.182532563586724e-05
1.099302095390137e-05
1.020287251191608e-05
9.632473986571247e-06
9.161816144596479e-06
8.081947688082644e-06
7.956546860099748e-06
7.385720325272854e-06
6.601152432553860e-06
6.675817164656354e-06
5.677924510709232e-06
5.883491007744943e-06
5.665142541823068e-06
5.055373072327994e-06
5.262135218505470e-06
4.628174008078487e-06
4.677103138326650e-06
4.556489756400354e-06
3.970032361390047e-06
4.248591312685297e-06
3.853441077994003e-06
3.687626546670383e-06
3.809929237254493e-06
3.425983520147180e-06
3.423577221200286e-06
3.325765893873135e-06
3.218583234666348e-06
3.214454207815533e-06
2.920442656367718e-06
2.722824454990000e-06
2.914123778779387e-06
2.836739330168573e-06
2.629721526880910e-06
2.644109787902467e-06
2.526630040138629e-06
2.530979745884014e-06
2.510163519978183e-06
2.269434100878343e-06
2.367540122787006e-06
2.300728171552264e-06
2.176455582115759e-06
2.278573149281126e-06
2.156991538333830e-06
2.118328165177449e-06
2.121973843473931e-06
1.959750188281377e-06
2.042386697612779e-06
1.973974703568796e-06
1.859554036422219e-06
1.945621656305628e-06
1.882018840503358e-06
1.850408879354351e-06
1.857191728093764e-06
1.713496193201927e-06
1.780634803226251e-06
1.727623613066006e-06
1.625088381502523e-06
1.724545791064772e-06
1.654232576743506e-06
1.631735085169655e-06
1.628998173657736e-06
1.530709888243983e-06
1.604247022334298e-06
1.530581543595226e-06
1.456825975292891e-06
1.527310153734621e-06
1.467241060184200e-06
1.467170542732237e-06
1.454733055557321e-06
1.390673144412690e-06
1.435744121471549e-06
1.378366120363988e-06
1.333846389053352e-06
1.360790556399018e-06
1.310279871169803e-06
1.320830376570712e-06
1.312983148031542e-06
1.304050748853923e-06
1.294694415053038e-06
1.264616358727261e-06
1.212728922394138e-06
1.228988575946944e-06
1.228680098611333e-06
1.198049767220410e-06
1.233901486271771e-06
1.191327480609773e-06
1.171959575350687e-06
1.180304967358022e-06
1.115318519029776e-06
1.168592001621236e-06
1.126054452564763e-06
1.091183181788967e-06
1.123832488089145e-06
1.089026287125992e-06
1.115791492632919e-06
1.088886692186601e-06
1.029675801384893e-06
1.072238500856454e-06
