6.263101074447011e+00
6.266325855965571e+00
6.267949830118718e+00
6.271854772972147e+00
6.268620798983944e+00
6.269310930603012e+00
6.269595705376489e+00
6.268101810719362e+00
6.271640442328852e+00
6.273419519777937e+00
6.273523523803095e+00
6.272048308701435e+00
6.270395111934508e+00
6.272161662147526e+00
6.275158386781507e+00
6.275339558241591e+00
6.275076539098137e+00
6.275837853343907e+00
6.275037684079273e+00
6.274561786159244e+00
6.274173848072786e+00
6.275842403708179e+00
6.277683149649400e+00
6.278031346740370e+00
6.277286771497250e+00
6.275878676812400e+00
6.276826028608613e+00
6.277515946568870e+00
6.277253981373772e+00
6.278007150444501e+00
6.278394824176798e+00
6.278241454316422e+00
6.277847079585237e+00
6.277629852846533e+00
6.278310382927944e+00
6.279324829564806e+00
6.279379511969355e+00
6.278817504796381e+00
6.278794260735276e+00
6.278597964672312e+00
6.278932364939629e+00
6.279008122146612e+00
6.279920467610059e+00
6.279851224442389e+00
6.280105957881452e+00
6.279471680821739e+00
6.279018617534016e+00
6.279733943725016e+00
6.280179300545605e+00
6.280140775725171e+00
6.280139550275996e+00
6.280447631027396e+00
6.279841544109824e+00
6.280229850825738e+00
6.280138667578260e+00
6.280418413094861e+00
6.280872799152597e+00
6.280842549678945e+00
6.280343901691971e+00
6.280250473690046e+00
6.280460919297504e+00
6.280949390854835e+00
6.280935440793569e+00
6.281078627395375e+00
6.281012496222989e+00
6.280977478834878e+00
6.280794830037186e+00
6.280654880442886e+00
6.281057960964946e+00
6.281319133573825e+00
6.281467822798960e+00
6.281155961261531e+00
6.281152932435988e+00
6.280979688030656e+00
6.281346096216248e+00
6.281344685864866e+00
6.281370088334973e+00
6.281584200668095e+00
6.281504831498246e+00
6.281169709870650e+00
6.281295491446349e+00
6.281565667469358e+00
6.281640664920447e+00
6.281745761428706e+00
6.281667686290554e+00
6.281551339437210e+00
6.281526608009178e+00
6.281613861571353e+00
6.281558228846985e+00
6.281850775989032e+00
6.281967410909362e+00
6.281899823243220e+00
6.281671874346811e+00
6.281702544243838e+00
6.281701527389616e+00
6.281946048429445e+00
6.281959245543669e+00
6.281862531864353e+00
6.281968294144040e+00
6.281857760540222e+00
6.281884949582888e+00
