 4.194728256552128e-06
 4.089818096629004e-06
 4.089818096629004e-06
 4.089818096629002e-06
 4.089818096629003e-06
 4.089818096629003e-06
 4.089818096629003e-06
 4.073892054091373e-06
 4.089818090427041e-06
 4.089818090427041e-06
 4.089818090427041e-06
 4.089818090427041e-06
 4.089818090427041e-06
 4.089818090427041e-06
 4.089818090427041e-06
 4.089818090427041e-06
 4.089818090427041e-06
 4.089818090427040e-06
 4.069682861921098e-06
 4.089818090853692e-06
 4.089818090853694e-06
 4.089818090853692e-06
 4.089818090853694e-06
 4.089818090853694e-06
 4.089818090853694e-06
 4.089818090853694e-06
 4.089818090853694e-06
 4.089818090853694e-06
 4.089818090853694e-06
 4.089818090853694e-06
 4.089818090853694e-06
 4.089818090853694e-06
 4.089818090853694e-06
 4.089818093137294e-06
 4.089818090853694e-06
 4.089818090853694e-06
 4.089818090853694e-06
 4.089818090853694e-06
 4.089818090853694e-06
 4.089818090853694e-06
 4.089818090853694e-06
 4.089818090853694e-06
 4.089818090853694e-06
 4.089818090853694e-06
 4.089818093385421e-06
 4.089818090853694e-06
 4.089818090853694e-06
 4.089818090853694e-06
 4.089818090853694e-06
 4.089818090853694e-06
 4.089818090853694e-06
 4.089818090853694e-06
 4.089818091928857e-06
 4.089818093005287e-06
 4.089818093040799e-06
 4.089818093040798e-06
 4.089818093040798e-06
 4.089818093040799e-06
 4.089818093040797e-06
 4.089818093040797e-06
 4.089818093040798e-06
 4.085770453549697e-06
 4.089818095545487e-06
 4.089818095545487e-06
 4.089818095545487e-06
 4.089818095545487e-06
 4.089818095545487e-06
 4.089818095545487e-06
 4.089818095545487e-06
 4.089818095545487e-06
 4.089818095545487e-06
 4.089818095545487e-06
 4.060111878935491e-06
 4.089818097006731e-06
 4.089818097006730e-06
 4.089818097006731e-06
 4.089818097006730e-06
 4.089818097006731e-06
 4.089818097006730e-06
 4.089818097006730e-06