elem_nrml = [...
+1.300017429398033e-01, +9.915137653268427e-01, -0.000000000000000e+00;
+3.614125579252453e-01, +9.324060075814243e-01, -0.000000000000000e+00;
+5.313207375769997e-01, +8.471707465562258e-01, -0.000000000000000e+00;
+6.428859053625497e-01, +7.659619525055893e-01, -0.000000000000000e+00;
+7.122760549619422e-01, +7.018994383299166e-01, -0.000000000000000e+00;
+7.534430500582338e-01, +6.575131712132813e-01, -0.000000000000000e+00;
+7.751488805560188e-01, +6.317786107274849e-01, -0.000000000000000e+00;
+7.819238553417132e-01, +6.233739523332297e-01, -0.000000000000000e+00;
+7.751488805560203e-01, +6.317786107274831e-01, -0.000000000000000e+00;
+7.534430451722660e-01, +6.575131768121023e-01, -0.000000000000000e+00;
+7.122760602256374e-01, +7.018994329884050e-01, -0.000000000000000e+00;
+6.428859053625496e-01, +7.659619525055895e-01, -0.000000000000000e+00;
+5.313207375769965e-01, +8.471707465562278e-01, -0.000000000000000e+00;
+3.614125579252460e-01, +9.324060075814241e-01, -0.000000000000000e+00;
+1.300017136971003e-01, +9.915137691609820e-01, -0.000000000000000e+00;
-1.300017136971003e-01, +9.915137691609820e-01, +0.000000000000000e+00;
-3.614125579252447e-01, +9.324060075814247e-01, +0.000000000000000e+00;
-5.313207375769988e-01, +8.471707465562265e-01, +0.000000000000000e+00;
-5.313207375770000e-01, +8.471707465562256e-01, +0.000000000000000e+00;
-6.428859053625487e-01, +7.659619525055902e-01, +0.000000000000000e+00;
-7.122760602256368e-01, +7.018994329884055e-01, +0.000000000000000e+00;
-7.122760654893024e-01, +7.018994276469234e-01, +0.000000000000000e+00;
-7.534430445409760e-01, +6.575131775354961e-01, +0.000000000000000e+00;
-7.534430500582326e-01, +6.575131712132826e-01, +0.000000000000000e+00;
-7.751488805560200e-01, +6.317786107274834e-01, +0.000000000000000e+00;
-7.751488805560192e-01, +6.317786107274844e-01, +0.000000000000000e+00;
-7.819238553417129e-01, +6.233739523332299e-01, +0.000000000000000e+00;
-7.819238553417122e-01, +6.233739523332309e-01, +0.000000000000000e+00;
-7.751488805560207e-01, +6.317786107274825e-01, +0.000000000000000e+00;
-7.751488805560198e-01, +6.317786107274838e-01, +0.000000000000000e+00;
-7.534430500582338e-01, +6.575131712132813e-01, +0.000000000000000e+00;
-7.534430549442004e-01, +6.575131656144617e-01, +0.000000000000000e+00;
-7.122760555642168e-01, +7.018994377187380e-01, +0.000000000000000e+00;
-7.122760602256344e-01, +7.018994329884078e-01, +0.000000000000000e+00;
-6.428859053625505e-01, +7.659619525055886e-01, +0.000000000000000e+00;
-5.313207375769934e-01, +8.471707465562298e-01, +0.000000000000000e+00;
-5.313207375769998e-01, +8.471707465562257e-01, +0.000000000000000e+00;
-3.614125579252436e-01, +9.324060075814250e-01, +0.000000000000000e+00;
-1.300017429398040e-01, +9.915137653268427e-01, +0.000000000000000e+00;
+1.300017136971054e-01, +9.915137691609813e-01, -0.000000000000000e+00;
+3.614125579252430e-01, +9.324060075814251e-01, -0.000000000000000e+00;
+5.313207375769924e-01, +8.471707465562305e-01, -0.000000000000000e+00;
+6.428859053625493e-01, +7.659619525055897e-01, -0.000000000000000e+00;
+7.122760549619425e-01, +7.018994383299163e-01, -0.000000000000000e+00;
+7.534430500582231e-01, +6.575131712132937e-01, -0.000000000000000e+00;
+7.751488805560146e-01, +6.317786107274901e-01, -0.000000000000000e+00;
+7.819238553417122e-01, +6.233739523332309e-01, -0.000000000000000e+00;
+7.751488805560188e-01, +6.317786107274848e-01, -0.000000000000000e+00;
+7.534430451722702e-01, +6.575131768120972e-01, -0.000000000000000e+00;
+7.122760602256751e-01, +7.018994329883665e-01, -0.000000000000000e+00;
+6.428859053625505e-01, +7.659619525055887e-01, -0.000000000000000e+00;
+5.313207375770005e-01, +8.471707465562254e-01, -0.000000000000000e+00;
+3.614125579252471e-01, +9.324060075814237e-01, -0.000000000000000e+00;
+1.300017136971031e-01, +9.915137691609817e-01, -0.000000000000000e+00;
+5.313207375769923e-01, +8.471707465562305e-01, -0.000000000000000e+00;
+7.122760654892958e-01, +7.018994276469304e-01, -0.000000000000000e+00;
+7.534430500582305e-01, +6.575131712132851e-01, -0.000000000000000e+00;
+7.751488805560227e-01, +6.317786107274801e-01, -0.000000000000000e+00;
+7.819238553417137e-01, +6.233739523332289e-01, -0.000000000000000e+00;
+7.751488805560217e-01, +6.317786107274811e-01, -0.000000000000000e+00;
+7.534430549442038e-01, +6.575131656144579e-01, -0.000000000000000e+00;
+7.122760602256356e-01, +7.018994329884066e-01, -0.000000000000000e+00;
+5.313207375770005e-01, +8.471707465562254e-01, -0.000000000000000e+00;
+5.313207375769989e-01, +8.471707465562263e-01, -0.000000000000000e+00;
+7.122760654893000e-01, +7.018994276469261e-01, -0.000000000000000e+00;
+7.534430500582343e-01, +6.575131712132807e-01, -0.000000000000000e+00;
+7.751488805560194e-01, +6.317786107274843e-01, -0.000000000000000e+00;
+7.819238553417122e-01, +6.233739523332307e-01, -0.000000000000000e+00;
+7.751488805560206e-01, +6.317786107274829e-01, -0.000000000000000e+00;
+7.534430549442022e-01, +6.575131656144597e-01, -0.000000000000000e+00;
+7.122760602255966e-01, +7.018994329884461e-01, -0.000000000000000e+00;
+5.313207375769996e-01, +8.471707465562259e-01, -0.000000000000000e+00;
];