node_coor = [...
+6.666666666666680e-02, +1.391259040293522e+00, +0.000000000000000e+00;
+0.000000000000000e+00, +1.400000001000000e+00, +0.000000000000000e+00;
+1.333333333333333e-01, +1.365418183057040e+00, +0.000000000000000e+00;
+1.844914082421595e-01, +1.333333333333334e+00, +0.000000000000000e+00;
+2.000000000000002e-01, +1.323606797749979e+00, +0.000000000000000e+00;
+2.666666666666666e-01, +1.267652242543543e+00, +0.000000000000000e+00;
+2.676378844118309e-01, +1.266666666666667e+00, +0.000000000000000e+00;
+3.333333333333334e-01, +1.200000001000000e+00, +0.000000000000000e+00;
+3.915118664166644e-01, +1.133333333333333e+00, +0.000000000000000e+00;
+3.999999999999999e-01, +1.123606797749979e+00, +0.000000000000000e+00;
+4.464085775169432e-01, +1.066666666666667e+00, +0.000000000000000e+00;
+4.666666666666666e-01, +1.041811385307061e+00, +0.000000000000000e+00;
+5.000000000000000e-01, +1.000000000000000e+00, +0.000000000000000e+00;
+5.333333333333331e-01, +9.581886146929388e-01, +0.000000000000000e+00;
+5.535914224830566e-01, +9.333333333333335e-01, +0.000000000000000e+00;
+6.000000000000001e-01, +8.763932022500208e-01, +0.000000000000000e+00;
+6.084881335833355e-01, +8.666666666666667e-01, +0.000000000000000e+00;
+6.666666666666665e-01, +8.000000010000000e-01, +0.000000000000000e+00;
+7.323621155881692e-01, +7.333333333333333e-01, +0.000000000000000e+00;
+7.333333333333333e-01, +7.323477574564567e-01, +0.000000000000000e+00;
+8.000000000000003e-01, +6.763932022500208e-01, +0.000000000000000e+00;
+8.155085917578395e-01, +6.666666666666667e-01, +0.000000000000000e+00;
+8.666666666666667e-01, +6.345818169429597e-01, +0.000000000000000e+00;
+9.333333333333333e-01, +6.087409597064777e-01, +0.000000000000000e+00;
+1.000000000000000e+00, +6.000000010000002e-01, +0.000000000000000e+00;
+1.066666666666667e+00, +6.087409597064777e-01, +0.000000000000000e+00;
+1.133333333333333e+00, +6.345818169429596e-01, +0.000000000000000e+00;
+1.184491408242161e+00, +6.666666666666670e-01, +0.000000000000000e+00;
+1.200000000000000e+00, +6.763932022500209e-01, +0.000000000000000e+00;
+1.266666666666667e+00, +7.323477574564566e-01, +0.000000000000000e+00;
+1.267637884411831e+00, +7.333333333333333e-01, +0.000000000000000e+00;
+1.333333332347901e+00, +8.000000000000000e-01, +0.000000000000000e+00;
+1.391511866416664e+00, +8.666666666666667e-01, +0.000000000000000e+00;
+1.400000000000000e+00, +8.763932022500212e-01, +0.000000000000000e+00;
+1.446408577516943e+00, +9.333333333333333e-01, +0.000000000000000e+00;
+1.466666666666666e+00, +9.581886146929381e-01, +0.000000000000000e+00;
+1.500000000000000e+00, +1.000000000000000e+00, +0.000000000000000e+00;
+1.533333333333333e+00, +1.041811385307061e+00, +0.000000000000000e+00;
+1.553591422483057e+00, +1.066666666666667e+00, +0.000000000000000e+00;
+1.600000000000000e+00, +1.123606797749979e+00, +0.000000000000000e+00;
+1.608488133583336e+00, +1.133333333333333e+00, +0.000000000000000e+00;
+1.666666665793989e+00, +1.200000000000000e+00, +0.000000000000000e+00;
+1.732362115588169e+00, +1.266666666666667e+00, +0.000000000000000e+00;
+1.733333333333334e+00, +1.267652242543544e+00, +0.000000000000000e+00;
+1.800000000000000e+00, +1.323606797749979e+00, +0.000000000000000e+00;
+1.815508591757841e+00, +1.333333333333334e+00, +0.000000000000000e+00;
+1.866666666666667e+00, +1.365418183057040e+00, +0.000000000000000e+00;
+1.933333333333334e+00, +1.391259040293522e+00, +0.000000000000000e+00;
+1.999999992373073e+00, +1.400000000000000e+00, +0.000000000000000e+00;
+2.066666666666666e+00, +1.391259040293522e+00, +0.000000000000000e+00;
+2.133333333333333e+00, +1.365418183057041e+00, +0.000000000000000e+00;
+2.184491408242160e+00, +1.333333333333333e+00, +0.000000000000000e+00;
+2.200000000000001e+00, +1.323606797749979e+00, +0.000000000000000e+00;
+2.266666666666667e+00, +1.267652242543543e+00, +0.000000000000000e+00;
+2.267637884411831e+00, +1.266666666666667e+00, +0.000000000000000e+00;
+2.333333333333333e+00, +1.200000001000000e+00, +0.000000000000000e+00;
+2.391511866416664e+00, +1.133333333333333e+00, +0.000000000000000e+00;
+2.400000000000000e+00, +1.123606797749979e+00, +0.000000000000000e+00;
+2.446408577516943e+00, +1.066666666666667e+00, +0.000000000000000e+00;
+2.466666666666667e+00, +1.041811385307061e+00, +0.000000000000000e+00;
+2.500000000000000e+00, +1.000000000000000e+00, +0.000000000000000e+00;
+2.533333333333333e+00, +9.581886146929388e-01, +0.000000000000000e+00;
+2.553591422483056e+00, +9.333333333333335e-01, +0.000000000000000e+00;
+2.600000000000000e+00, +8.763932022500215e-01, +0.000000000000000e+00;
+2.608488133583336e+00, +8.666666666666666e-01, +0.000000000000000e+00;
+2.666666666666666e+00, +8.000000009999999e-01, +0.000000000000000e+00;
+2.732362115588169e+00, +7.333333333333333e-01, +0.000000000000000e+00;
+2.733333333333334e+00, +7.323477574564563e-01, +0.000000000000000e+00;
+2.799999999999999e+00, +6.763932022500218e-01, +0.000000000000000e+00;
+2.815508591757840e+00, +6.666666666666665e-01, +0.000000000000000e+00;
+2.866666666666667e+00, +6.345818169429597e-01, +0.000000000000000e+00;
+2.933333333333333e+00, +6.087409597064777e-01, +0.000000000000000e+00;
+3.000000000000000e+00, +6.000000009999999e-01, +0.000000000000000e+00;
];