1.478498053086060e-06
1.530384204101845e-06
1.582495492640480e-06
1.634786145544456e-06
1.686301568313942e-06
1.739299756070839e-06
1.791426059595290e-06
1.844031122686530e-06
1.897045074462454e-06
1.949571663031584e-06
2.001638824014241e-06
2.053540858613750e-06
2.105420519853883e-06
2.157241368939004e-06
2.208968660044184e-06
2.260569238106559e-06
2.311965204678638e-06
2.361769217702856e-06
2.412560516731857e-06
2.462500890058369e-06
2.511975470201487e-06
2.561532458075369e-06
2.611127192107310e-06
2.660682803506052e-06
2.708820177008616e-06
2.756706825059324e-06
2.804321989900578e-06
2.851645825207031e-06
2.898659305502358e-06
2.945344304091784e-06
2.991626919168390e-06
3.036069473551278e-06
3.082711101526565e-06
3.126768884548161e-06
3.170524735793864e-06
3.214193047971112e-06
3.257747771896049e-06
3.301199046533157e-06
3.343935951240449e-06
3.385640987159123e-06
3.427014585598833e-06
3.468046844329574e-06
3.508728747023951e-06
3.549051444606920e-06
3.587680771286512e-06
3.627629442748241e-06
3.667321825191743e-06
3.705560265982146e-06
3.743673312147993e-06
3.781576908659919e-06
3.818785803130171e-06
3.855760436776363e-06
3.892543892957211e-06
3.928067850571214e-06
3.963083405877759e-06
3.997789817822292e-06
4.032184831431060e-06
4.065541756558499e-06
4.098649222284495e-06
4.133605098826418e-06
4.166292585652758e-06
4.198730185127696e-06
4.231068833613828e-06
4.263294006214374e-06
4.295390134308732e-06
4.327340810001458e-06
4.358839603163762e-06
4.389697972055581e-06
4.419416203689088e-06
4.448872585034959e-06
4.478101742797506e-06
4.505705637075870e-06
4.534810635372618e-06
4.564288694830748e-06
4.592024263890481e-06
4.619726539961080e-06
4.647387474840816e-06
4.674997795316659e-06
4.702541995544759e-06
4.730006320410043e-06
4.757404780368236e-06
4.784716758145786e-06
4.811095290959985e-06
4.836558971437176e-06
4.860941990232395e-06
4.885838467414411e-06
4.911870345256968e-06
4.936894045514790e-06
4.961151429349814e-06
4.985416388781008e-06
5.009781608459379e-06
5.034254340716247e-06
5.058741222339717e-06
5.083232230349766e-06
5.107716204705904e-06
5.132181011405945e-06
5.156561623196309e-06
5.179293392458185e-06
5.201548743746913e-06
5.224529701593506e-06
5.248188799108640e-06
