MATLAB_sol_2 = [....
    +6.718830657360449e-04
    -1.389835438313752e-03
    -2.758425926012234e-03
    -1.447564317195192e-03
    -1.691290006775099e-03
    -2.100488655516296e-05
    +3.989261035681629e-05
    +6.956107563226363e-04
    +7.396151419926363e-04
    +5.141700112022929e-04
    +4.361722686118249e-04
    +1.705670128327100e-04
    +4.967776375347306e-05
    -5.826906886059140e-05
    -3.077974325352298e-04
    -3.777905739493137e-04
    -6.145624781994781e-04
    -9.055251585846068e-04
    -1.389250913567752e-03
    -1.353106434216235e-03
    -1.283514582838489e-03
    -1.777837651911039e-03
    -6.794135616795772e-04
    -1.078331190527087e-04
    -9.367126192153278e-06
    +9.012708953615438e-05
    +6.640972725345650e-04
    +1.764271821542594e-03
    +1.270241874002474e-03
    +1.339502134666506e-03
    +1.375612886458646e-03
    +8.886199455254379e-04
    +5.974022460891740e-04
    +3.615747851535102e-04
    +3.069730775990021e-04
    +7.163305367980945e-05
    -5.475423846458172e-12
    -7.163309291855025e-05
    -3.069731604085641e-04
    -3.615750331640314e-04
    -5.974025290738444e-04
    -8.886193722193324e-04
    -1.375613145600207e-03
    -1.339502390637609e-03
    -1.270241990454232e-03
    -1.764271927065254e-03
    -6.640973826387332e-04
    -9.012724616468384e-05
    +9.367113667929287e-06
    +1.078332235259935e-04
    +6.794136309893206e-04
    +1.777837720642293e-03
    +1.283514661544885e-03
    +1.353106640890444e-03
    +1.389251123299564e-03
    +9.055245707900320e-04
    +6.145627387640153e-04
    +3.777908015396491e-04
    +3.077975024137630e-04
    +5.826909666697103e-05
    -4.967776377625458e-05
    -1.705669868792282e-04
    -4.361722021137392e-04
    -5.141697932718447e-04
    -7.396148926628960e-04
    -6.956113884057066e-04
    -3.989245121597453e-05
    +2.100504209564165e-05
    +1.691290014700094e-03
    +1.447564316752202e-03
    +2.758425957145623e-03
    +1.389835585925618e-03
    -6.718826417605215e-04
    +1.545970011867465e-02
    -2.648753371983452e-04
    -3.795692424552624e-03
    -1.705572555361272e-03
    -2.094183665421640e-03
    -1.041330835785644e-04
    -4.412274471867825e-05
    +6.020435991079881e-04
    +6.404459942788043e-04
    +4.437050966844010e-04
    +3.801342763951398e-04
    +1.636551917595812e-04
    +6.727895782217170e-05
    -1.877917865986228e-05
    -2.221549244921487e-04
    -2.792016519618195e-04
    -4.858271735420552e-04
    -7.397431519593664e-04
    -1.216420964700139e-03
    -1.180803034393532e-03
    -1.097887268047495e-03
    -1.886066323464096e-03
    -1.346697307908947e-04
    +1.339949448459648e-03
    +2.090949708870272e-03
    +1.332107259319622e-03
    -1.486772043282883e-04
    -1.902864844756936e-03
    -1.115153163380051e-03
    -1.197673872626042e-03
    -1.233258566967215e-03
    -7.533611846127253e-04
    -4.992226777006994e-04
    -2.934213545301766e-04
    -2.489193075321394e-04
    -5.710765944828804e-05
    -7.582669750629276e-12
    +5.710766683493293e-05
    +2.489193504308168e-04
    +2.934215320745092e-04
    +4.992228857662108e-04
    +7.533606372954254e-04
    +1.233258853543518e-03
    +1.197674156078042e-03
    +1.115153280602706e-03
    +1.902864944553581e-03
    +1.486773114299758e-04
    -1.332107032190046e-03
    -2.090950407183877e-03
    -1.339949254440686e-03
    +1.346698340917478e-04
    +1.886066425842526e-03
    +1.097887386330823e-03
    +1.180803305143236e-03
    +1.216421238462918e-03
    +7.397426255140181e-04
    +4.858273950585654e-04
    +2.792018447024643e-04
    +2.221549886911380e-04
    +1.877920856831235e-05
    -6.727895009997046e-05
    -1.636551633282734e-04
    -3.801342149182780e-04
    -4.437049117838275e-04
    -6.404457819767423e-04
    -6.020441548434114e-04
    +4.412294929547809e-05
    +1.041332846074264e-04
    +2.094183690575132e-03
    +1.705572567172352e-03
    +3.795692486711087e-03
    +2.648756998590260e-04
    -1.545970124611476e-02
    -2.546124252778265e-01
    -1.008875313877493e-01
    -9.474247801774846e-03
    -4.062755029372690e-02
    -3.187493667151628e-02
    +6.090834290215196e-02
    -3.287988367154053e-02
    -2.091029075419288e-02
    -2.536334368159307e-02
    -8.764305176078197e-03
    -1.229829844010184e-02
    -3.495785987182399e-03
    -9.331580717125317e-04
    -8.089572282703739e-03
    +7.428692219095066e-03
    -2.238160974687434e-02
    +1.780295179326805e-02
    +3.591947482774003e-02
    +3.742981636955479e-02
    +7.024053556993201e-02
    -3.305442235447577e-02
    +1.085241096139248e-01
    +1.349686742919830e-01
    +1.310534103090526e-01
    +1.054841519677222e-01
    +8.235621654958840e-02
    +3.301835153133179e-02
    +6.805675216237921e-02
    +5.714991798367427e-02
    -3.588484002762159e-02
    +4.281341440908333e-02
    +2.230274115078765e-02
    +2.612601556738071e-02
    +7.625096478521600e-03
    +1.104730998998888e-02
    +2.443931861721191e-03
    +2.518511178573879e-04
    +7.625098625098608e-03
    -7.544916848223785e-03
    +2.230273641554938e-02
    -1.775243424610379e-02
    -3.588483660916331e-02
    -3.739600836292249e-02
    -7.026437789712028e-02
    +3.301835071214775e-02
    -1.085972540665273e-01
    -1.350776893648953e-01
    -1.311753539515580e-01
    -1.055931710747533e-01
    -8.242936281184382e-02
    -3.305442158324703e-02
    -6.808059178477296e-02
    -5.711610367261000e-02
    +3.591947044024819e-02
    -4.276289726824263e-02
    -2.238160575415958e-02
    -2.624224704860706e-02
    -8.089574350228515e-03
    -1.172861960858677e-02
    -3.495786007373632e-03
    -1.502836955394762e-03
    -8.764303181503140e-03
    +8.307595433319510e-03
    -2.091029491862520e-02
    +2.768596480833468e-02
    +6.090834673894598e-02
    +6.267098281988412e-02
    +9.769357709555437e-02
    -9.474248267222781e-03
    +9.006594282822188e-02
    -1.405060514178827e-02
    -2.264967570847860e-01
    -2.264967352958912e-01
    -1.405061158469978e-02
    +9.006594028094278e-02
    -9.474247801767241e-03
    +9.769357834056354e-02
    +6.267098646337266e-02
    +6.090833540333556e-02
    +2.768598111860678e-02
    -2.091029818518393e-02
    +8.307592256764905e-03
    -8.764305176059490e-03
    -1.502838214679807e-03
    -3.495785987175793e-03
    -1.172861829715783e-02
    -8.089572282702240e-03
    -2.624224371925747e-02
    -2.238161717785606e-02
    -4.276288310915025e-02
    +3.591946732857074e-02
    -5.711610676573512e-02
    -6.808059306435335e-02
    -3.305442235447860e-02
    -8.242936205477505e-02
    -1.055931693208230e-01
    -1.311753508852719e-01
    -1.350776916450867e-01
    -1.085972551191083e-01
    +3.301835153132641e-02
    -7.026437647190208e-02
    -3.739600515173220e-02
    -3.588484752668440e-02
    -1.775241953233177e-02
    +2.230273275970565e-02
    -7.544920370986933e-03
    +7.625096478517492e-03
    +2.518497645557358e-04
    +2.443931861715196e-03
    +1.104731134329713e-02
    +7.625098625103992e-03
    +2.612601909016468e-02
    +2.230272898452925e-02
    +4.281342968518895e-02
    -3.588484324996267e-02
    +5.714991477202164e-02
    +6.805675073717507e-02
    +3.301835071214236e-02
    +8.235621760217109e-02
    +1.054841243282271e-01
    +1.310534372427825e-01
    +1.349686725380299e-01
    +1.085241088568845e-01
    -3.305442158330964e-02
    +7.024053684957154e-02
    +3.742981946244769e-02
    +3.591946294126403e-02
    +1.780296752189990e-02
    -2.238161318516600e-02
    +7.428688889768471e-03
    -8.089574350217801e-03
    -9.331593831556794e-04
    -3.495786007371023e-03
    -1.229829718082230e-02
    -8.764303181529341e-03
    -2.536334050500131e-02
    -2.091030234962046e-02
    -3.287987009409268e-02
     6.090833923960450e-02
    -3.187494031522967e-02
    -4.062755153872719e-02
    -9.474248267233828e-03
    -1.008875288404714e-01
    -2.546124487545949e-01
    +6.969273409687706e-07
    +1.327254301636980e-06
    +1.420032273703990e-06
    +1.416262916934702e-06
    +1.064850901612858e-06
    +1.058254382693013e-06
    +6.118232094721268e-07
    +3.035398652659536e-07
    +2.713678450402261e-07
    +1.159764858170760e-07
    +6.771156575378778e-08
    -5.593979266854485e-09
    -7.427979533423629e-08
    -1.148686330946268e-07
    -2.372253156395879e-07
    -2.611994678446113e-07
    -4.957201438726519e-07
    -9.053688434787356e-07
    -9.138475316334987e-07
    -1.524911029066074e-06
    -1.663982333252880e-06
    -2.243552982131957e-06
    -2.824027896021091e-06
    -3.041930657175717e-06
    -2.824348234862659e-06
    -2.244068821452959e-06
    -1.664489746732600e-06
    -1.525517066291028e-06
    -9.143454776668438e-07
    -9.058538700875697e-07
    -4.955183392238103e-07
    -2.589637161428788e-07
    -2.346388681077788e-07
    -1.095536886236421e-07
    -6.832433349308448e-08
    -1.054436189778918e-14
    +6.832431240097366e-08
    +1.095536684834214e-07
    +2.346388570238321e-07
    +2.589637100482442e-07
    +4.955184037211772e-07
    +9.058538636759143e-07
    +9.143454706461145e-07
    +1.525517039103279e-06
    +1.664489718745486e-06
    +2.244068797779797e-06
    +2.824348229919999e-06
    +3.041930701442183e-06
    +2.824027891771359e-06
    +2.243552963144189e-06
    +1.663982310060663e-06
    +1.524911005970373e-06
    +9.138475200027026e-07
    +9.053688324842609e-07
    +4.957202166601231e-07
    +2.611994632546624e-07
    +2.372253061646317e-07
    +1.148686139405963e-07
    +7.427977518886554e-08
    +5.593959165790936e-09
    -6.771158553225087e-08
    -1.159765042564505e-07
    -2.713678534193802e-07
    -3.035398685018884e-07
    -6.118231330159301e-07
    -1.058254393810256e-06
    -1.064850913450420e-06
    -1.416262951030097e-06
    -1.420032310580740e-06
    -1.327254347911059e-06
    -6.969273855025058e-07];