6.263101051990558e+00
6.266325860981658e+00
6.267949716146153e+00
6.271855380117563e+00
6.268620842817140e+00
6.269309786593385e+00
6.269595328174677e+00
6.268100984282830e+00
6.271640311059152e+00
6.273419157726731e+00
6.273523182455156e+00
6.272048323923571e+00
6.270394945527032e+00
6.272162149771082e+00
6.275158396065544e+00
6.275339447389348e+00
6.275076272476978e+00
6.275837761584446e+00
6.275037581921527e+00
6.274561847433036e+00
6.274173717894155e+00
6.275842393536747e+00
6.277683058489664e+00
6.278031053202991e+00
6.277286637194140e+00
6.275878879349006e+00
6.276826027583411e+00
6.277515862067948e+00
6.277253894891937e+00
6.278007071554702e+00
6.278394747912975e+00
6.278241402386810e+00
6.277847104973704e+00
6.277629746814916e+00
6.278310432318048e+00
6.279324726394649e+00
6.279379353900934e+00
6.278817335085289e+00
6.278794315785095e+00
6.278597914912070e+00
6.278932348759696e+00
6.279007990469979e+00
6.279920407553184e+00
6.279851134412735e+00
6.280105888875296e+00
6.279471814547553e+00
6.279018686287766e+00
6.279733952522228e+00
6.280179253677939e+00
6.280140732597244e+00
6.280139511161644e+00
6.280447647214153e+00
6.279841554624544e+00
6.280229842847320e+00
6.280138708801954e+00
6.280418406661948e+00
6.280872769023938e+00
6.280842510806370e+00
6.280343864103532e+00
6.280250510268750e+00
6.280460888315870e+00
6.280949360754483e+00
6.280935427886172e+00
6.281078596837085e+00
6.281012494173650e+00
6.280977495545534e+00
6.280794851463716e+00
6.280654890544683e+00
6.281057955696819e+00
6.281319114876188e+00
6.281467794297139e+00
6.281155927767175e+00
6.281152884755477e+00
6.280979619455287e+00
6.281346092408431e+00
6.281344709385270e+00
6.281370065826968e+00
6.281584189929598e+00
6.281504833039151e+00
6.281169971870011e+00
6.281295513399296e+00
6.281565655622786e+00
6.281640659007731e+00
6.281745777685850e+00
6.281667714970360e+00
6.281551347362134e+00
6.281526619968545e+00
6.281613889085055e+00
6.281558241687227e+00
6.281850753586556e+00
6.281967409786962e+00
6.281899823480868e+00
6.281671798961069e+00
6.281702515162343e+00
6.281701492821249e+00
6.281946036094634e+00
6.281959235889834e+00
6.281862495017313e+00
6.281968251276494e+00
6.281857769563846e+00
6.281885048166584e+00
