1.667927075297533e-01
1.667867230501761e-01
1.667834911774848e-01
1.667819152875484e-01
1.667812467451738e-01
1.667810539541211e-01
1.676550095651960e-01
1.694249478726366e-01
1.737433163882628e-01
1.772815139920561e-01
1.817843770641857e-01
1.847972721420332e-01
1.895375918234244e-01
1.949232775541744e-01
1.994304153325004e-01
2.049599811642798e-01
2.111274100464908e-01
2.171471743735066e-01
2.245954459820525e-01
2.287512199083769e-01
2.335981115039857e-01
2.380375551881113e-01
2.410658539340067e-01
2.467898855247573e-01
2.488629072913967e-01
2.544116554889378e-01
2.581604608024678e-01
2.625831651081947e-01
2.646996870835456e-01
2.675921994289828e-01
2.702759522258721e-01
2.742851008441992e-01
2.767384182670867e-01
2.810489002723306e-01
2.822107132281335e-01
2.887748498950469e-01
2.749165416050617e-01
2.657054637723493e-01
2.548829701786253e-01
2.469776721063729e-01
2.394520594314026e-01
2.326327927251546e-01
2.264030591368519e-01
2.207442882368535e-01
2.160000437751315e-01
2.116171270533976e-01
2.074497846078287e-01
2.033715750881616e-01
2.001503249324105e-01
1.959283599350491e-01
1.931129264019939e-01
1.901199464613463e-01
1.877999965930718e-01
1.848026927970268e-01
1.824977125623898e-01
1.798481943069621e-01
1.786543719611760e-01
1.762824715319833e-01
1.752417960269473e-01
1.730464265405738e-01
1.719204079376371e-01
1.703295785688714e-01
1.694686198721775e-01
1.680981016151591e-01
1.672079167861813e-01
1.660176669412298e-01
1.655376673166116e-01
1.646698410202262e-01
1.639135167294864e-01
1.639029696135332e-01
1.627331132106861e-01
1.621060900451280e-01
1.616829530270117e-01
1.610210486653718e-01
1.609340052715781e-01
1.603074187978155e-01
1.599117306808020e-01
1.601789305521810e-01
1.592284940336094e-01
1.589738427250063e-01
1.585213618134900e-01
1.584981205762356e-01
1.582648494231773e-01
1.578680699695127e-01
1.591252134321488e-01
1.613296236656370e-01
1.599357410910149e-01
1.567933051561281e-01
1.584080183589670e-01
1.569276287098465e-01
1.576661038415204e-01
1.568184436876952e-01
1.570444756878936e-01
1.559575688753552e-01
1.557602568750190e-01
1.557592684006085e-01
1.556013952136971e-01
1.568745030275027e-01
1.565955657080752e-01
1.577810564915206e-01
1.551209088310480e-01
1.552593983387538e-01
1.556655026262254e-01
1.551932879214229e-01
1.555618107590985e-01
1.565552789050121e-01
1.566438729260610e-01
1.549644910398070e-01
1.565164825008863e-01
1.556729412496995e-01
1.551336733381479e-01
1.551200452641525e-01
1.565356740151308e-01
1.554117411436272e-01
1.551196353910435e-01
1.555797292002075e-01
1.551443093642394e-01
1.561465270579356e-01
1.551645946970412e-01
1.550803849125875e-01
1.556155248874979e-01
1.570539508186678e-01
1.555241667238081e-01
1.550142555581783e-01
1.550665232622001e-01
1.559126564311583e-01
1.550995634073910e-01
1.565584123931667e-01
1.550688053660159e-01
1.551978110539881e-01
1.561879721452585e-01
1.565504575381197e-01
1.551023419255861e-01
1.551128370927111e-01
1.563360363574079e-01
1.551585044259171e-01
1.552649535874369e-01
1.551640385330600e-01
1.563389714444907e-01
1.550011930842383e-01
1.555273975333737e-01
1.550529605288646e-01
1.562687024787651e-01
1.552092814029847e-01
1.555936979751484e-01
1.551363478988401e-01
1.561898927464255e-01
1.553654395610761e-01
1.551083767675412e-01
1.550987130903042e-01
1.573060922877954e-01
1.552066800000209e-01
1.550638691073324e-01
1.550493750538734e-01
1.560949879914922e-01
1.562885280096689e-01
1.551023660610704e-01
1.559681330683126e-01
1.553551592250574e-01
1.550937832877115e-01
1.557383816325215e-01
1.560380833620000e-01
1.552194205841638e-01
1.558613153874271e-01
1.553172499402535e-01
1.550017053307778e-01
1.563806742688416e-01
1.551680191900632e-01
1.551251321846044e-01
1.581980544111041e-01
1.562315680793037e-01
1.563033549519442e-01
1.552612810854718e-01
1.551745160789725e-01
1.571177753480971e-01
1.558014630679638e-01
1.549966457410388e-01
1.569693361749609e-01
1.557320660180087e-01
1.549219153895968e-01
1.555487147234303e-01
1.558060478901625e-01
1.557764421629291e-01
1.549312841068300e-01
1.553172445703762e-01
1.559317854971292e-01
3.825745761955308e-01
3.508485948536833e-01
3.322371077619429e-01
3.158900576686011e-01
3.017463739325184e-01
2.903831842956009e-01
2.800973536742035e-01
2.708324774137003e-01
2.622969666639303e-01
2.544408575120939e-01
2.472486893421999e-01
2.407231576144810e-01
2.348667159247508e-01
2.295120747163144e-01
2.244121329891169e-01
2.198372823596442e-01
2.154244892611589e-01
2.105521257690717e-01
2.063144356782394e-01
2.024556567520897e-01
1.989201365174832e-01
1.956554847849984e-01
1.926312976478453e-01
1.888903403995801e-01
1.862072868298069e-01
1.838344227001986e-01
1.806894598984602e-01
1.765867093052320e-01
1.744422137719276e-01
1.714270075474824e-01
1.697741897928371e-01
1.685265445322158e-01
1.676001968225676e-01
1.667981691670578e-01
1.660985476559697e-01
1.654946444780456e-01
1.649540061259535e-01
1.642877279328217e-01
1.638481921744490e-01
1.633624634361180e-01
1.629381018610907e-01
1.625756605979155e-01
1.622881051841512e-01
1.620554597170097e-01
1.617417077986277e-01
1.615234332809385e-01
1.613193241995821e-01
1.611300222785070e-01
1.609656811347632e-01
1.607449502273636e-01
1.606022172881011e-01
1.603839990928126e-01
1.602159171050431e-01
1.601051858303774e-01
1.599032086190315e-01
1.599361598178159e-01
1.597647707469481e-01
1.597881620869912e-01
1.595827810855703e-01
1.596412920478288e-01
1.593709012476384e-01
1.592534093513703e-01
1.593560900168865e-01
1.590405134550961e-01
1.592419752854193e-01
1.590039574907131e-01
1.591449916586902e-01
1.588994604239855e-01
1.590543255402406e-01
1.587849599873616e-01
1.589893820186123e-01
1.589363371557694e-01
1.587044308992611e-01
1.589241042672931e-01
1.586878080454102e-01
1.589189796939388e-01
1.589163300916361e-01
1.589095730590146e-01
1.586834434225324e-01
1.589207229704949e-01
1.589116664132454e-01
1.586757435348688e-01
1.589185069806765e-01
1.589106365314391e-01
1.589085372374821e-01
1.586706165724857e-01
1.588984870721100e-01
1.588680964378676e-01
1.588485557730574e-01
1.609687021424799e-01
1.589098681966023e-01
1.586163004693335e-01
1.610419338637198e-01
1.589096381782261e-01
1.586013632127548e-01
1.588096595049162e-01
1.585417862419108e-01
1.585117840284763e-01
1.630660973459294e-01
1.614844296971684e-01
1.588710721666469e-01
1.587982394080580e-01
1.585348450915187e-01
1.585908394411071e-01
1.585721110771672e-01
1.584542300326762e-01
1.586134707349432e-01
1.583582826584562e-01
1.584936539872703e-01
1.582647481423062e-01
1.584240049350079e-01
1.585003340534642e-01
1.584813469053872e-01
1.582057821335179e-01
1.586196152332893e-01
1.582601515639362e-01
1.580605850876827e-01
1.578471980879730e-01
1.577424082600435e-01
1.576823397183447e-01
1.574688795537458e-01
1.574504746667806e-01
1.573499304042755e-01
1.572390743823667e-01
1.571969073754359e-01
1.570042305219750e-01
1.570952917651827e-01
1.569156011882811e-01
1.567830702120208e-01
1.566813211210646e-01
1.565889694396216e-01
1.564799218450998e-01
1.565093674412377e-01
1.564024497099714e-01
1.562554903665134e-01
1.562295793927493e-01
1.563252404539515e-01
1.560796521507827e-01
1.561501291436543e-01
1.559357446513033e-01
1.559957161832187e-01
1.558217578984788e-01
1.558629783941482e-01
1.557016678794428e-01
1.557454678588577e-01
1.556038882280736e-01
1.556600383072171e-01
1.556000798817232e-01
1.554474812198479e-01
1.554700398397615e-01
1.557456662174671e-01
1.554613230840233e-01
1.555562083313067e-01
1.565749012781145e-01
1.554250431713648e-01
1.563324295485703e-01
1.553071512747706e-01
1.562398246632553e-01
1.558955407319914e-01
1.551159233684153e-01
1.556525071343755e-01
1.556964717230463e-01
1.550947074569687e-01
1.554198564495532e-01
1.569195080421718e-01
1.568049035910709e-01
1.570264219499125e-01
1.562330530741606e-01
1.565671097370283e-01
1.561352507049448e-01
1.562380583295786e-01
1.561975646053986e-01
1.554985124727605e-01
1.552408539873972e-01
1.551883144732894e-01
1.550261417675687e-01
1.549314234477364e-01
1.546714753952801e-01
1.544844660885922e-01
1.550625757358760e-01
1.545025850824015e-01
1.547012529419350e-01
1.545130949405816e-01
1.544154368752592e-01
1.545439366870263e-01
1.543474446240116e-01
1.541216907835772e-01
1.544527872435147e-01
1.541841839856861e-01
1.543555084819680e-01
1.540735138059589e-01
1.543466795112993e-01
1.540472150216337e-01
1.543062343443591e-01
1.538464955192540e-01
1.540546979482368e-01
1.539742926460644e-01
1.539417916792504e-01
1.538824935783042e-01
1.538777160442904e-01
1.537774719853646e-01
1.535827898222786e-01
1.537601507325205e-01
1.536262461950168e-01
1.536780829951912e-01
1.533465686665467e-01
1.535846139127700e-01
1.533244827299985e-01
1.533205664598268e-01
1.533394966225371e-01
1.532006419829314e-01
1.533784707659047e-01
1.531719330283074e-01
1.531972368439088e-01
1.532822251993729e-01
1.531382621418413e-01
1.531498671795325e-01
1.529535143120058e-01
1.531869023396576e-01
1.529549999311667e-01
1.528596541789221e-01
1.530203316927685e-01
1.528481906814984e-01
1.530360813262413e-01
1.527203978255448e-01
1.528575066569622e-01
1.526326250144588e-01
1.526760138817920e-01
1.525671174648969e-01
1.529081601590850e-01
1.524980878281108e-01
1.525541160068808e-01
1.524395735044704e-01
1.524965732420074e-01
1.528040944592711e-01
1.524365388375887e-01
1.523282057727318e-01
1.523879761963883e-01
1.525252245874718e-01
1.532682275240784e-01
1.528601838745797e-01
1.521535985385228e-01
1.522110227488017e-01
1.529266567758457e-01
1.519939355583151e-01
1.522123776122151e-01
1.526026520681137e-01
1.519243233681501e-01
1.520221744609566e-01
1.520079154827895e-01
1.519715746100537e-01
1.518398799638694e-01
1.518515538010472e-01
1.518739477196409e-01
1.518484356578647e-01
1.517945631216097e-01
1.519081516206303e-01
1.517109284104661e-01
1.518329712315665e-01
1.519371135091343e-01
1.517601170808280e-01
1.518542487578614e-01
1.517245442287266e-01
1.518175942581922e-01
1.517244978737859e-01
1.517566443750152e-01
1.515668399834590e-01
1.505452439113699e-01
1.517081710678667e-01
1.515479394754189e-01
1.515046076305729e-01
1.513811868425313e-01
1.513939693649990e-01
1.513624605062534e-01
1.509800864645915e-01
1.512406297170652e-01
1.512362479742098e-01
1.506701560437250e-01
1.512090913105559e-01
1.509920688202792e-01
1.511785319465274e-01
1.510226446655614e-01
1.509372220200556e-01
1.510062463854183e-01
1.508607451290670e-01
1.509548927407592e-01
1.509041789443786e-01
1.507821851742001e-01
1.506738539754843e-01
1.502301925478539e-01
1.506078540072998e-01
1.506541431120718e-01
1.517103201520561e-01
1.514116670211100e-01
1.512040280953841e-01
1.509013374808938e-01
1.505988766550532e-01
1.506210810702885e-01
1.510069944570600e-01
1.507163063461675e-01
1.507222165562963e-01
1.507619834727935e-01
1.505951745240649e-01
1.502891415484842e-01
1.505737552357861e-01
1.504429845188558e-01
1.502837594662363e-01
1.501140643119375e-01
1.505225082886364e-01
1.500324178029332e-01
1.517599945415727e-01
1.503470137051754e-01
1.515186544433912e-01
1.500287343605381e-01
1.512257473803368e-01
1.499249373439612e-01
1.501807828462661e-01
1.498606747220568e-01
1.498996108416277e-01
1.498781826299021e-01
1.502131009282433e-01
1.497634577469270e-01
1.499324999917538e-01
1.495988398293390e-01
1.496643965408929e-01
1.498034637595140e-01
1.495068244659788e-01
1.498442830558991e-01
1.494228831141297e-01
1.496142735910015e-01
1.493407730915354e-01
1.496860258592497e-01
1.492584586451680e-01
1.492492805429835e-01
1.493562027480889e-01
1.492966262101654e-01
1.490694417072306e-01
1.491290263541107e-01
1.493119572836062e-01
1.491764634670759e-01
1.490206407356695e-01
1.491620374746011e-01
1.489127383635957e-01
1.489898329025620e-01
1.492082664341545e-01
1.487838337851831e-01
1.488410053611082e-01
1.492565091785258e-01
1.488624525128786e-01
1.488225785649867e-01
1.487933016312843e-01
1.489934146991678e-01
1.486016231548761e-01
1.486185028422669e-01
1.487886180571537e-01
1.487371345941145e-01
1.485579154417022e-01
1.485459793118961e-01
1.487891265053187e-01
1.486934336583230e-01
1.486602316616080e-01
1.484022428471271e-01
1.486486122875092e-01
1.485866011213613e-01
1.483657132918876e-01
1.487707996305933e-01
1.485650583199495e-01
1.487829348908739e-01
1.485610177321322e-01
1.485743348882873e-01
1.484591507854924e-01
1.489322580410818e-01
1.482805900968401e-01
1.485206786184719e-01
1.485684521244731e-01
1.485190881146023e-01
1.483501521625130e-01
1.485866192191598e-01
1.483158020531362e-01
1.485368327810442e-01
1.485059120115573e-01
1.483311671654171e-01
1.484220468608793e-01
1.486211610754735e-01
1.481789009055465e-01
1.482038469334980e-01
1.483286582475863e-01
1.491486421284668e-01
1.487396541092922e-01
1.488074332897663e-01
1.484015675994191e-01
1.484657659562775e-01
1.484526197820965e-01
1.485559406727243e-01
1.488036718064127e-01
1.481111030217316e-01
1.487163639134628e-01
1.480753758871606e-01
1.483667626317938e-01
1.481164916813910e-01
1.481282060958678e-01
1.482231293551098e-01
1.481170480212722e-01
1.481811011752126e-01
1.478804271624931e-01
1.483270047150441e-01
1.478138520814110e-01
1.484418511089707e-01
1.478954359404738e-01
1.480185077091790e-01
1.480669651068876e-01
1.478864901506253e-01
1.478215428306656e-01
1.479912833247644e-01
1.480275902929801e-01
1.476848030980087e-01
1.477775122968041e-01
1.478206677949869e-01
1.480812113061721e-01
1.485949763436562e-01
1.476155569199660e-01
1.482005038190058e-01
1.480636347115579e-01
1.485614407366112e-01
1.477407836177924e-01
1.486294926319098e-01
1.487666852547537e-01
1.480636024820600e-01
1.483236399359401e-01
1.479708226159273e-01
1.515592460796148e-01
1.508369018617761e-01
1.480879294852544e-01
1.504136148356185e-01
1.504240063811363e-01
1.497441329601073e-01
1.501236665484369e-01
1.491723603914532e-01
1.501852804332847e-01
1.490783154037588e-01
1.500010788000732e-01
1.488455564699657e-01
1.492573512954223e-01
1.487749010710018e-01
1.490210240606415e-01
1.487032224154863e-01
1.485782394084456e-01
1.489210369929691e-01
1.483774712270540e-01
1.486988669240345e-01
1.481167714091025e-01
1.480350185848581e-01
1.484956179406507e-01
1.486819820734229e-01
1.481899273666237e-01
1.489719733436531e-01
1.479842163180787e-01
1.485579091936106e-01
1.484362461542162e-01
1.484436211444693e-01
1.482100637763003e-01
1.485708250333173e-01
1.482115252642593e-01
1.484785472361282e-01
1.479805822171683e-01
1.486260148319673e-01
1.478673069846112e-01
1.483402515146551e-01
1.479667623177565e-01
1.483693103103688e-01
1.480865569855216e-01
1.481302386698190e-01
1.479062514640417e-01
1.487488133420078e-01
1.479658297961646e-01
1.478939100412222e-01
1.480219020184355e-01
1.483418729346802e-01
1.481380658297165e-01
1.480939023345775e-01
1.478702402704846e-01
1.482332944966501e-01
1.509417977060508e-01
1.493533598577391e-01
1.490495139073749e-01
1.483633344973208e-01
1.491483526779359e-01
1.490181582613734e-01
1.477837111790586e-01
1.495962812350191e-01
1.480455902074114e-01
1.487748074554149e-01
1.477867958933863e-01
1.493240000711997e-01
1.479819664231705e-01
1.486587001130951e-01
1.486673931757869e-01
1.486299685653043e-01
1.485472975859118e-01
1.483054673488053e-01
1.481517378617186e-01
1.481572255818388e-01
1.487197272305201e-01
1.488956000138900e-01
1.487062984277938e-01
1.484265937957750e-01
1.487424282518357e-01
1.477311005718166e-01
1.497800462115024e-01
1.482397536847140e-01
1.483755516186724e-01
1.478432962576482e-01
1.484851448002532e-01
1.480229951080277e-01
1.486372614854618e-01
1.481976977285576e-01
1.481683273960571e-01
1.481651183423915e-01
1.483570381095549e-01
1.478024161890293e-01
1.483303083500433e-01
1.479395756858336e-01
1.480758673786801e-01
1.481736238243567e-01
1.483965554940329e-01
1.475965542589069e-01
1.483402686953013e-01
1.484124890465799e-01
1.475965184447890e-01
1.482730105282052e-01
1.477790194526827e-01
1.482461551028707e-01
1.479438645219269e-01
1.478949444476463e-01
1.479185515524233e-01
1.484113271225466e-01
1.477530309187031e-01
1.478667941903390e-01
1.479083426795562e-01
1.482667799530321e-01
1.481158074569276e-01
1.481391690617263e-01
1.479181326557784e-01
1.483657624227077e-01
1.477238162798953e-01
1.479882759056089e-01
1.480640783010209e-01
1.481774457117274e-01
1.478995442586619e-01
1.478910067257596e-01
1.479690747418746e-01
1.479349887003994e-01
1.477192611130954e-01
1.478733149582618e-01
1.485135135722919e-01
1.487601822474417e-01
1.480300400371078e-01
1.479690725230805e-01
1.477074100529318e-01
1.478314283125921e-01
1.476350556342878e-01
1.480081834196499e-01
1.477355985419036e-01
1.478479883755824e-01
1.477694835429951e-01
1.476582735913122e-01
1.478314464369200e-01
1.483001638281823e-01
1.473740253149172e-01
1.484212690059691e-01
1.479114295586647e-01
1.479690112449449e-01
1.478546334890574e-01
1.480256960089103e-01
1.475942484134941e-01
1.478233055569641e-01
1.485809445581179e-01
1.472487408312154e-01
1.478990825930777e-01
1.483966902038596e-01
1.479801071808082e-01
1.683707531012248e-01
1.481994155427961e-01
1.475589178307229e-01
1.478278899583677e-01
1.474776381555155e-01
1.579863317429666e-01
1.483336707174928e-01
1.477632205546435e-01
1.487762358541120e-01
1.475783380243435e-01
1.486650805119342e-01
1.480836357285686e-01
1.482676289138956e-01
1.478276491450649e-01
1.493836896993447e-01
1.480436414232634e-01
1.479443963711624e-01
1.475146761283024e-01
1.476289755750030e-01
1.479563744127363e-01
1.487373827069174e-01
1.480819497518859e-01
1.475997365462017e-01
1.481186205127630e-01
1.481897027795478e-01
1.477610687666969e-01
1.484874952319600e-01
1.482280475593624e-01
1.475351905733457e-01
1.488906657897793e-01
1.473848703909402e-01
1.475780379201104e-01
1.491800450753344e-01
1.473975141177024e-01
1.477779026733877e-01
1.481778812779868e-01
1.482094621953332e-01
1.475963809504218e-01
1.480492396320946e-01
1.484187537807946e-01
1.478703981079261e-01
1.483678461738983e-01
1.476170720504923e-01
1.475423450336458e-01
1.484655021096820e-01
1.483788435990842e-01
1.473082624022965e-01
1.475419111252329e-01
1.491956241034713e-01
1.476163727631691e-01
1.474702843668957e-01
1.475532871346391e-01
1.496117704270375e-01
1.473059453302528e-01
1.475436533922785e-01
1.477099936210747e-01
1.487205653769852e-01
1.480507237685220e-01
1.473255299772277e-01
1.477202262650920e-01
1.488513949078503e-01
1.474443821170301e-01
1.485690423023366e-01
1.475463349855895e-01
1.472857540266251e-01
1.497702646291530e-01
1.480171899428182e-01
1.479218157702929e-01
1.473348678136402e-01
1.490447610517885e-01
1.475840601235896e-01
1.480716116453275e-01
1.476086220776791e-01
