8.474867580814401e+00
8.474804300681017e+00
8.474770095157456e+00
8.474753411448450e+00
8.474746332878318e+00
8.474744291498517e+00
8.777385851029507e+00
9.095477590308903e+00
9.424533288818196e+00
9.730432254951639e+00
1.004182237146294e+01
1.034156472628581e+01
1.063888358076704e+01
1.093859583922242e+01
1.123204024252617e+01
1.149790142441996e+01
1.175555627589668e+01
1.201054635991690e+01
1.223865542380429e+01
1.245110191036845e+01
1.265247913339895e+01
1.285725363406794e+01
1.304071565509880e+01
1.323348335149250e+01
1.341680685172266e+01
1.359518675721158e+01
1.376264666802213e+01
1.393651398226987e+01
1.410054847158332e+01
1.425205652253553e+01
1.441395322143630e+01
1.456766056542961e+01
1.472292257321663e+01
1.487983229556853e+01
1.503296056166011e+01
1.465832797716905e+01
1.431963520828643e+01
1.391074986981415e+01
1.364802294082957e+01
1.348422114828106e+01
1.330655419848492e+01
1.316519556127876e+01
1.304183716231342e+01
1.295718353963022e+01
1.270748704058905e+01
1.284260178636113e+01
1.253092054134787e+01
1.269425530597723e+01
1.240916291390437e+01
1.239612714015226e+01
1.225662787380087e+01
1.221436661517003e+01
1.216851566919942e+01
1.204109352974710e+01
1.209515367041924e+01
1.193093753331939e+01
1.201796479400737e+01
1.181666716573246e+01
1.190465513871791e+01
1.175129196812557e+01
1.180201192720546e+01
1.174565719423281e+01
1.177254067811925e+01
1.168007946421212e+01
1.164947854630884e+01
1.157306594356489e+01
1.163698764539243e+01
1.154251768607826e+01
1.148443423461504e+01
1.160074606389514e+01
1.147410958431730e+01
1.145686511156728e+01
1.151425557695474e+01
1.140349719507278e+01
1.154367303791961e+01
1.139936586041175e+01
1.148801264377946e+01
1.171200084432049e+01
1.174189908876268e+01
1.190784496356413e+01
1.168342991191268e+01
1.202919657662603e+01
1.178271626535006e+01
1.207549570084569e+01
1.197280205340254e+01
1.202954601468687e+01
1.204814883710971e+01
1.187677782719649e+01
1.189964867789874e+01
1.182316432399963e+01
1.180039365535725e+01
1.181768430955728e+01
1.176790866605406e+01
1.174677781685899e+01
1.182423355228512e+01
1.185176658276498e+01
1.187054069463300e+01
1.187342471442527e+01
1.188541999147738e+01
1.182984331128006e+01
1.174862244943719e+01
1.188323696988700e+01
1.204212364373552e+01
1.187094659652362e+01
1.198249773753107e+01
1.187941162671179e+01
1.199519092516809e+01
1.187684870960902e+01
1.217197574763254e+01
1.175910828957369e+01
1.185111576812407e+01
1.217117078906646e+01
1.231486751603592e+01
1.184204570474873e+01
1.198352235994975e+01
1.212757253467257e+01
1.198646721496192e+01
1.220140102037627e+01
1.191127476224811e+01
1.201753223176087e+01
1.207208775682339e+01
1.215954265999262e+01
1.189094815153240e+01
1.189596018042339e+01
1.203679602930903e+01
1.212505175136657e+01
1.199665362994456e+01
1.203229047531620e+01
1.193367865374768e+01
1.206333293041145e+01
1.226468668745027e+01
1.199669474989382e+01
1.186460102894041e+01
1.193414628825346e+01
1.204053411521519e+01
1.190668011068797e+01
1.198783981978976e+01
1.201160900570013e+01
1.207791556713108e+01
1.200827586269803e+01
1.217451782582165e+01
1.206432874638959e+01
1.213497185292371e+01
1.199484022725429e+01
1.219863834358024e+01
1.204490443370321e+01
1.209336729000314e+01
1.202212931388050e+01
1.204776972728836e+01
1.211459435523054e+01
1.231270306403010e+01
1.193367327736880e+01
1.199521169026469e+01
1.206023303674958e+01
1.220090565612870e+01
1.220044376774364e+01
1.185684609865371e+01
1.202774415579584e+01
1.206093200243898e+01
1.207715447902642e+01
1.223974522934646e+01
1.190198170848450e+01
1.206723371416878e+01
1.220646545965395e+01
1.197725080163878e+01
1.192341554229484e+01
1.216459545477180e+01
1.190525226588028e+01
1.218607701664438e+01
1.251287005466729e+01
1.210208943491213e+01
1.224285709809217e+01
1.203845169537355e+01
1.208710289603203e+01
1.233346828584451e+01
1.205643184322243e+01
1.195024385872189e+01
1.222528692677272e+01
1.205980545185544e+01
1.192623098634480e+01
1.213475209712491e+01
1.203003206083293e+01
1.207168831100330e+01
1.197348019546172e+01
1.230351575639000e+01
1.242495989851284e+01
1.249299838819398e+01
1.214741781317913e+01
1.172980542893017e+01
1.141034310413406e+01
1.116443513486924e+01
1.097963626512552e+01
1.084784516846528e+01
1.076720007936057e+01
1.071945028641451e+01
1.064115525516334e+01
1.065436427568042e+01
1.056830816745591e+01
1.052763287228342e+01
1.048901057238210e+01
1.039371270907657e+01
1.039768938966660e+01
1.035217088232949e+01
1.037765096184112e+01
1.033730693263846e+01
1.031102179136613e+01
1.029352584165120e+01
1.025208301520349e+01
1.024783814918647e+01
1.022137136664170e+01
1.022263660118575e+01
1.019826001490209e+01
1.006137875823979e+01
9.915136787293902e+00
9.831593353862409e+00
9.819439683429390e+00
9.815319131380701e+00
9.770171727746055e+00
9.754167764582025e+00
9.732802385950343e+00
9.700337407444220e+00
9.765517419586979e+00
9.696736703043236e+00
9.669638974244377e+00
9.641056448944543e+00
9.591187870732517e+00
9.582841242144116e+00
9.524720668520398e+00
9.556575482207155e+00
9.501689692884657e+00
9.532472421044165e+00
9.495975912793728e+00
9.491874964960845e+00
9.476544501269149e+00
9.457144027114671e+00
9.446885267420313e+00
9.437081979338048e+00
9.436691193372189e+00
9.433792017220114e+00
9.459573395198944e+00
9.483972488244689e+00
9.495643424990247e+00
9.463429130915717e+00
9.493408549320598e+00
9.449906830164069e+00
9.511837827938246e+00
9.471890266432114e+00
9.564143738731790e+00
9.606095671272561e+00
9.615106483470054e+00
9.601967534201773e+00
9.608955948234978e+00
9.607296255626409e+00
9.605328677776974e+00
9.624206858161365e+00
9.604471733157183e+00
9.640199120416810e+00
9.630576584281396e+00
9.580220942051792e+00
9.644233269516656e+00
9.615099007372489e+00
9.646961449665097e+00
9.636950457883426e+00
9.625408813884857e+00
9.603514960473658e+00
9.642151638928862e+00
9.629785874500026e+00
9.614603324779960e+00
9.641753459186123e+00
9.634552743077414e+00
9.656196351087914e+00
9.693272881888387e+00
9.804104687092549e+00
9.842807135454741e+00
9.906429595796213e+00
9.988438393672736e+00
9.765822517422860e+00
9.814589010142267e+00
9.980906736414255e+00
9.781944870179732e+00
9.798494734836098e+00
9.893749565030907e+00
9.878171433393584e+00
1.004584761970173e+01
1.008910874523601e+01
9.965604377733831e+00
9.869512227521781e+00
9.883098263107307e+00
9.887258512393208e+00
9.933922210248644e+00
1.000563108571234e+01
9.986046921059121e+00
1.007124419196739e+01
1.002937758012081e+01
1.009741991117353e+01
1.009306780703742e+01
1.026564302849611e+01
1.043672398836723e+01
1.056891549242524e+01
1.055071805008351e+01
1.078327033723340e+01
1.055633179763008e+01
1.071904919734104e+01
1.056436270668998e+01
1.068526235236812e+01
1.069358553005394e+01
1.084501753161404e+01
1.081709574243557e+01
1.090740280969083e+01
1.089888342334200e+01
1.092252531681980e+01
1.090445976207168e+01
1.100925924198104e+01
1.088811319226313e+01
1.091719361007109e+01
1.093403472402849e+01
1.098908360303523e+01
1.099620490946630e+01
1.103839190522971e+01
1.105402979642814e+01
1.107749239051278e+01
1.113981114231717e+01
1.115487756509515e+01
1.114257939536963e+01
1.119415426245784e+01
1.115979282389560e+01
1.121392331569299e+01
1.117128393587250e+01
1.126174946996418e+01
1.119086354804676e+01
1.128569812715801e+01
1.125136102511158e+01
1.136007778193776e+01
1.137598716274125e+01
1.145168017105878e+01
1.167797201602467e+01
1.182559572263572e+01
1.185667679625773e+01
1.194289582300937e+01
1.201907720428637e+01
1.193472986884213e+01
1.206646368401527e+01
1.199134134729869e+01
1.211182509932516e+01
1.207099824772878e+01
1.209774871012380e+01
1.214850692317815e+01
1.220601588697111e+01
1.210237155998778e+01
1.218385638426593e+01
1.216542939758985e+01
1.208952750218542e+01
1.221788285509599e+01
1.205197794674490e+01
1.215151210819725e+01
1.212057883479029e+01
1.207317505756992e+01
1.209906400991374e+01
1.198239396216868e+01
1.191914596912374e+01
1.196790060508194e+01
1.196173533195381e+01
1.201824588088012e+01
1.201140745519678e+01
1.203161689919978e+01
1.211622225029900e+01
1.210429993023175e+01
1.217391237982247e+01
1.218037679990228e+01
1.216915724489325e+01
1.221462895869236e+01
1.221452347399342e+01
1.223521953787517e+01
1.226754234147364e+01
1.227997104506992e+01
1.231285178183304e+01
1.231647153553384e+01
1.235625930083280e+01
1.230122042103295e+01
1.233189573840824e+01
1.231371287342411e+01
1.238531827216625e+01
1.241771690721692e+01
1.244496710757312e+01
1.247845182692081e+01
1.249998731004415e+01
1.250898231289090e+01
1.249697612494857e+01
1.254708736631305e+01
1.252990170199331e+01
1.257948016448743e+01
1.265050654207380e+01
1.278169221117329e+01
1.282403498438905e+01
1.284766324678674e+01
1.284207868695672e+01
1.290468803830672e+01
1.287944371647297e+01
1.293515000147251e+01
1.288612926733852e+01
1.295864485485341e+01
1.291065500584854e+01
1.298355880756476e+01
1.295021540543975e+01
1.301196580440916e+01
1.300418537702861e+01
1.307056849003632e+01
1.311142731036450e+01
1.307950529741465e+01
1.315897985287881e+01
1.313214069174947e+01
1.316079544380682e+01
1.317615604398980e+01
1.321950394971625e+01
1.321983192292208e+01
1.329748834912239e+01
1.320902216475577e+01
1.328428840734912e+01
1.330781154309331e+01
1.336244296572541e+01
1.341496752349646e+01
1.331163672582073e+01
1.338051960448594e+01
1.337849781695902e+01
1.340333508253812e+01
1.344278109655957e+01
1.340282912558497e+01
1.319232927522494e+01
1.330525948686819e+01
1.336585144328988e+01
1.323996521832195e+01
1.328935517525781e+01
1.339527740175525e+01
1.319885095834815e+01
1.328548603864110e+01
1.335786001918078e+01
1.335425662402305e+01
1.332902685931314e+01
1.338790703812501e+01
1.337814350846337e+01
1.346387448755631e+01
1.340305017185597e+01
1.346593197142497e+01
1.349152370791055e+01
1.350550566034583e+01
1.353830207250026e+01
1.351402819784211e+01
1.354826099768012e+01
1.353325509215741e+01
1.358176501301752e+01
1.356638091040654e+01
1.359150452843044e+01
1.355190140261814e+01
1.346616046208398e+01
1.347559988410146e+01
1.357873438866699e+01
1.343845759856737e+01
1.351815200248148e+01
1.342005286396326e+01
1.345754891368350e+01
1.338922697928928e+01
1.340562655314100e+01
1.347536191671729e+01
1.336762638057237e+01
1.339855221778174e+01
1.347301697972279e+01
1.342275926936497e+01
1.342250656767310e+01
1.352489727400132e+01
1.345035271530651e+01
1.346409044558857e+01
1.365822510172167e+01
1.363871453276490e+01
1.371319521627068e+01
1.383281497425960e+01
1.380550513790638e+01
1.391475382399328e+01
1.404553779930801e+01
1.399904653686756e+01
1.406132696389829e+01
1.394356466664476e+01
1.402327800482543e+01
1.390775672080271e+01
1.398144678178137e+01
1.401042431685806e+01
1.413766686260249e+01
1.405073955432149e+01
1.412012166051552e+01
1.408115505292020e+01
1.397545532650273e+01
1.418182141298321e+01
1.415633531197743e+01
1.401060784186027e+01
1.406631767705128e+01
1.421467442370947e+01
1.414122442863255e+01
1.439182527426549e+01
1.427103909022034e+01
1.439411665271407e+01
1.416905724779676e+01
1.441146046672225e+01
1.415542185505303e+01
1.432975797639227e+01
1.431358184176930e+01
1.438372017674787e+01
1.451811453141567e+01
1.450517065989599e+01
1.443077219878820e+01
1.454532101003479e+01
1.449125663034624e+01
1.456785609914759e+01
1.455992651595645e+01
1.456720354719884e+01
1.462656674826047e+01
1.458007005353923e+01
1.469870040495754e+01
1.463748668095775e+01
1.468570732971580e+01
1.476310901426325e+01
1.468019465383297e+01
1.472213772664253e+01
1.472515457319448e+01
1.466258011701338e+01
1.488181788199929e+01
1.472305320032364e+01
1.483099193284989e+01
1.471249638037710e+01
1.477877122121705e+01
1.490324293737837e+01
1.482852183937607e+01
1.493282974091136e+01
1.487421442825083e+01
1.492963728949044e+01
1.485085094810544e+01
1.487710618452459e+01
1.486343425401634e+01
1.491212825247685e+01
1.488200311611751e+01
1.485069116151357e+01
1.496965902149649e+01
1.489680099865895e+01
1.502785385728581e+01
1.498856832860304e+01
1.512785719913188e+01
1.514206619610126e+01
1.520204865550770e+01
1.518975816691398e+01
1.527585358064272e+01
1.530994515546210e+01
1.533123391464381e+01
1.536772677553347e+01
1.540159683838420e+01
1.540220827580137e+01
1.538240283071386e+01
1.536348010690551e+01
1.542709149855227e+01
1.541973409989421e+01
1.547558722902714e+01
1.538737384421720e+01
1.548397977455876e+01
1.546221945036535e+01
1.548874870007556e+01
1.545528502508430e+01
1.552771834030298e+01
1.549983174088135e+01
1.554076313943625e+01
1.552888406885205e+01
1.554678367056035e+01
1.556995442647833e+01
1.558110711918870e+01
1.554346851582813e+01
1.560577579342642e+01
1.558508876068242e+01
1.564187625909353e+01
1.571098180750099e+01
1.553746156378080e+01
1.559780259488537e+01
1.563422027634714e+01
1.556948996525059e+01
1.560926287333820e+01
1.554314003800003e+01
1.550822389624660e+01
1.545290038078010e+01
1.552536337825594e+01
1.544575379108588e+01
1.547822251228067e+01
1.537330813438305e+01
1.538064566176969e+01
1.549820801828203e+01
1.550888483691209e+01
1.546373949845511e+01
1.563492327196397e+01
1.553989007738679e+01
1.558049745971916e+01
1.556296702751833e+01
1.566632004066194e+01
1.560984200574559e+01
1.561959168242534e+01
1.568167026179071e+01
1.568617347783790e+01
1.568128325873653e+01
1.565290135187315e+01
1.576883255114457e+01
1.569366875656209e+01
1.573799491015888e+01
1.577613904053824e+01
1.579559245492785e+01
1.577967055673937e+01
1.582708949060769e+01
1.585306453489905e+01
1.586384569864531e+01
1.592421572333870e+01
1.595695986182111e+01
1.589750349252216e+01
1.593545496749903e+01
1.593008609856084e+01
1.597590547986326e+01
1.597540802933477e+01
1.617546194152403e+01
1.619833374499290e+01
1.641564559183312e+01
1.621935799541845e+01
1.631309205129332e+01
1.621865704104543e+01
1.651948172947741e+01
1.605543279469818e+01
1.632992334188721e+01
1.588087304174201e+01
1.615947747774712e+01
1.587963876431965e+01
1.603457063455206e+01
1.580726193255093e+01
1.592341577445670e+01
1.588092780205729e+01
1.570295724757335e+01
1.579829557901751e+01
1.568232555039561e+01
1.591132690006324e+01
1.586955486864923e+01
1.596300246923203e+01
1.590947670675310e+01
1.605771224449214e+01
1.584096174013018e+01
1.597756492564552e+01
1.597428028705012e+01
1.597200201096057e+01
1.585231709583872e+01
1.594823060314476e+01
1.589221474453809e+01
1.594018530806284e+01
1.573535178663915e+01
1.582401609537265e+01
1.566806295104116e+01
1.589774376536153e+01
1.573568845119166e+01
1.583034781192790e+01
1.573358484660323e+01
1.576696878301076e+01
1.577617068984530e+01
1.588135643665579e+01
1.564850258493249e+01
1.569175992429167e+01
1.570838298668192e+01
1.584808524042528e+01
1.571974860196290e+01
1.571288231101673e+01
1.574314576051176e+01
1.578852303529309e+01
1.580637045211866e+01
1.563448727698927e+01
1.559873789213802e+01
1.556022226558282e+01
1.568026809639704e+01
1.561244368701938e+01
1.550511654722137e+01
1.577441143430050e+01
1.551470058719496e+01
1.566174173621195e+01
1.561637687479282e+01
1.573135098473569e+01
1.554925926104785e+01
1.562256097171181e+01
1.562707171501738e+01
1.561414005188114e+01
1.552919862458124e+01
1.542167804390442e+01
1.549354742509061e+01
1.558584839084038e+01
1.557065878645388e+01
1.552323716235233e+01
1.552299480476035e+01
1.536044846762931e+01
1.547854659001949e+01
1.526882537887198e+01
1.554202253018700e+01
1.520643253385145e+01
1.525719246616839e+01
1.523728934389140e+01
1.534643745818720e+01
1.525739885627152e+01
1.527749871060453e+01
1.525813279330801e+01
1.523255633864822e+01
1.529570716608601e+01
1.525335758246744e+01
1.521122162509950e+01
1.525258780651336e+01
1.526500113966290e+01
1.524445953815053e+01
1.524028308511132e+01
1.519967136060966e+01
1.514383842009170e+01
1.522873746443705e+01
1.520176596502627e+01
1.514497363805184e+01
1.517795903796304e+01
1.516611169402638e+01
1.515616194437940e+01
1.512476461996078e+01
1.517723421076599e+01
1.516127037328065e+01
1.512579534412651e+01
1.511718659180856e+01
1.510139520020990e+01
1.512796502116191e+01
1.519952483830665e+01
1.516034774403268e+01
1.513627013524435e+01
1.526209332630935e+01
1.525599332231955e+01
1.519785697283515e+01
1.528566778078208e+01
1.537166495458057e+01
1.535978322089585e+01
1.529469596057729e+01
1.535459909607114e+01
1.543249159102216e+01
1.543903971218625e+01
1.550738781715966e+01
1.556851569391652e+01
1.573630341874909e+01
1.547253865530434e+01
1.541570856839980e+01
1.546584058784019e+01
1.542235028630476e+01
1.551046563031430e+01
1.546362084181445e+01
1.547235888115972e+01
1.543330176008130e+01
1.546722516748491e+01
1.546732222795687e+01
1.558628613665427e+01
1.562235926042671e+01
1.562617514312953e+01
1.550934919648646e+01
1.567779565959621e+01
1.554946005821399e+01
1.566503236601568e+01
1.571130095529003e+01
1.562960913904336e+01
1.568911248703932e+01
1.581099644706062e+01
1.575205313903072e+01
1.566294236403295e+01
1.590339502926991e+01
1.582623739749497e+01
1.585743008770687e+01
1.624559216551445e+01
1.560883545140652e+01
1.555971995004140e+01
1.563708481719040e+01
1.577265196708286e+01
1.604357334275997e+01
1.578980588292433e+01
1.564102107672722e+01
1.584819479862119e+01
1.559876567716155e+01
1.590708724407230e+01
1.560785000467652e+01
1.578859930337948e+01
1.565505059752464e+01
1.591695786388945e+01
1.551335208397896e+01
1.570214563295514e+01
1.553888867105926e+01
1.574620399755421e+01
1.588235570538068e+01
1.578666120481284e+01
1.568365547782557e+01
1.567971793836459e+01
1.579353319558771e+01
1.574904948418640e+01
1.568191254008987e+01
1.576758183048915e+01
1.565113845857610e+01
1.569414926699916e+01
1.577470175676690e+01
1.564283029635782e+01
1.585849802065297e+01
1.591049599843791e+01
1.569505204690417e+01
1.579240393040138e+01
1.589433336066567e+01
1.571940483221880e+01
1.579358859350313e+01
1.591311767169998e+01
1.593963001057350e+01
1.565933585443774e+01
1.579085670564440e+01
1.577847033752918e+01
1.585749433526901e+01
1.592836957190610e+01
1.566753179488001e+01
1.575186860927260e+01
1.589275510329795e+01
1.595468436927521e+01
1.565684106124880e+01
1.579690073895711e+01
1.591699508453837e+01
1.590831946375700e+01
1.566804687592728e+01
1.581288953596895e+01
1.591427740696393e+01
1.591841332964612e+01
1.573485081042646e+01
1.576253821840355e+01
1.589115482311907e+01
1.588318086008134e+01
1.575181648155396e+01
1.598241543712182e+01
1.575150832490363e+01
1.589769683139099e+01
1.595567898364063e+01
1.572288989178675e+01
1.573126577854348e+01
1.582657203340825e+01
1.585781957036166e+01
1.572884005522154e+01
1.583471289001567e+01
1.576928909275085e+01
