1.667927075297533e+01,  6.560724701521803e-01,  0, 0
1.667867230501761e+01,  6.560777627519485e-01,  1, 0
1.667834911774848e+01,  6.560806237239503e-01,  2, 0
1.667819152875484e+01,  6.560820191842773e-01,  3, 0
1.667812467451738e+01,  6.560826112553824e-01,  4, 0
1.667810539541211e+01,  6.560827820025292e-01,  5, 0
1.676550095651960e+01,  6.309220691427644e-01,  6, 0
1.694249478726366e+01,  6.048930060710411e-01,  7, 0
1.737433163882628e+01,  5.765157412698692e-01,  8, 0
1.772815139920560e+01,  5.489218151563202e-01,  9, 0
1.817843770641857e+01,  5.204221283222517e-01,  10, 0
1.847972721420332e+01,  4.932766624692537e-01,  11, 0
1.895375918234244e+01,  4.644819680989940e-01,  12, 0
1.949232775541744e+01,  4.353964377937651e-01,  13, 0
1.994304153325005e+01,  4.073753183987880e-01,  14, 0
2.049599811642798e+01,  3.793853973841257e-01,  15, 0
2.111274100464908e+01,  3.526684116220367e-01,  16, 0
2.171471743735066e+01,  3.273086713459898e-01,  17, 0
2.245954459820525e+01,  3.015330885199150e-01,  18, 0
2.287512199083769e+01,  2.795932263534138e-01,  19, 0
2.335981115039857e+01,  2.574496207136725e-01,  20, 0
2.380375551881113e+01,  2.362579875152941e-01,  21, 0
2.410658539340067e+01,  2.171219124303225e-01,  22, 0
2.467898855247573e+01,  1.956094337244798e-01,  23, 0
2.488629072913967e+01,  1.780589362077212e-01,  24, 0
2.544116554889378e+01,  1.575225232430459e-01,  25, 0
2.581604608024678e+01,  1.391923207466519e-01,  26, 0
2.625831651081947e+01,  1.206972279952849e-01,  27, 0
2.646996870835456e+01,  1.048866671329529e-01,  28, 0
2.675921994289828e+01,  8.846449977172610e-02,  29, 0
2.702759522258721e+01,  7.242003579785417e-02,  30, 0
2.742851008441992e+01,  5.517979986551969e-02,  31, 0
2.767384182670867e+01,  3.957326537265460e-02,  32, 0
2.810489002723306e+01,  2.233589231961441e-02,  33, 0
2.822107132281335e+01,  8.392261132059264e-03,  34, 0
2.887748498950469e+01,  -1.062451421368615e-02,  35, 0
2.749165416050617e+01,  3.507480040178645e-03,  36, 0
2.657054637723493e+01,  -2.524437430323712e-03,  37, 0
2.548829701786253e+01,  1.237239532795531e-03,  38, 0
2.469776721063729e+01,  5.018447070981313e-04,  39, 0
2.394520594314026e+01,  2.021355873711439e-04,  40, 0
2.326327927251547e+01,  5.970949053568653e-05,  41, 0
2.264030591368519e+01,  2.039453923119439e-04,  42, 0
2.207442882368535e+01,  3.753207387617863e-04,  43, 0
2.160000437751315e+01,  -7.963482335171523e-05,  44, 0
2.116171270533976e+01,  -1.453231388840459e-04,  45, 0
2.074497846078287e+01,  -3.567733527010120e-04,  46, 0
2.033715750881616e+01,  -4.137529066583490e-06,  47, 0
2.001503249324105e+01,  -4.136850724544283e-04,  48, 0
1.959283599350491e+01,  4.954568597532738e-04,  49, 0
1.931129264019939e+01,  -6.035337232113136e-05,  50, 0
1.901199464613462e+01,  5.271599731271337e-05,  51, 0
1.877999965930718e+01,  -2.650892565868590e-04,  52, 0
1.848026927970268e+01,  -3.237784576106684e-04,  53, 0
1.824977125623898e+01,  -2.110991981836285e-04,  54, 0
1.798481943069621e+01,  2.324317887048011e-06,  55, 0
1.786543719611760e+01,  -1.362725273087451e-04,  56, 0
1.762824715319833e+01,  -3.523410671140148e-04,  57, 0
1.752417960269473e+01,  -3.657048519496442e-04,  58, 0
1.730464265405739e+01,  -2.472007721481262e-04,  59, 0
1.719204079376371e+01,  -3.161904467781085e-04,  60, 0
1.703295785688714e+01,  -3.263575956634623e-04,  61, 0
1.694686198721775e+01,  -4.141341820832478e-04,  62, 0
1.680981016151592e+01,  -2.984173595438344e-04,  63, 0
1.672079167861813e+01,  -3.020874071574253e-04,  64, 0
1.660176669412298e+01,  -1.657703016926249e-04,  65, 0
1.655376673166116e+01,  -2.802982066293369e-04,  66, 0
1.646698410202263e+01,  -6.834922807907873e-05,  67, 0
1.639135167294864e+01,  -1.701123591653086e-04,  68, 0
1.639029696135332e+01,  -2.732319594768162e-04,  69, 0
1.627331132106861e+01,  -3.465309510392034e-04,  70, 0
1.621060900451280e+01,  -1.193105153313168e-04,  71, 0
1.616829530270117e+01,  -9.697984458567621e-05,  72, 0
1.610210486653718e+01,  -8.415375148007609e-05,  73, 0
1.609340052715782e+01,  -1.082722063858732e-04,  74, 0
1.603074187978155e+01,  -4.779322203518621e-05,  75, 0
1.599117306808020e+01,  -1.964434320541608e-04,  76, 0
1.601789305521811e+01,  -1.423201070601676e-04,  77, 0
1.592284940336094e+01,  -2.452956925719230e-04,  78, 0
1.667927075297533e+01,  6.560724701521803e-01,  0, 0
1.667867230501761e+01,  6.560777627519485e-01,  1, 0
1.667834911774848e+01,  6.560806237239503e-01,  2, 0
1.667819152875484e+01,  6.560820191842773e-01,  3, 0
1.667812467451738e+01,  6.560826112553824e-01,  4, 0
1.667810539541211e+01,  6.560827820025292e-01,  5, 0
1.676550095651960e+01,  6.309220691427644e-01,  6, 0
1.694249478726366e+01,  6.048930060710411e-01,  7, 0
1.737433163882628e+01,  5.765157412698692e-01,  8, 0
1.772815139920560e+01,  5.489218151563202e-01,  9, 0
1.817843770641857e+01,  5.204221283222517e-01,  10, 0
1.847972721420332e+01,  4.932766624692537e-01,  11, 0
1.895375918234244e+01,  4.644819680989940e-01,  12, 0
1.949232775541744e+01,  4.353964377937651e-01,  13, 0
1.994304153325005e+01,  4.073753183987880e-01,  14, 0
2.049599811642798e+01,  3.793853973841257e-01,  15, 0
2.111274100464908e+01,  3.526684116220367e-01,  16, 0
2.171471743735066e+01,  3.273086713459898e-01,  17, 0
2.245954459820525e+01,  3.015330885199150e-01,  18, 0
2.287512199083769e+01,  2.795932263534138e-01,  19, 0
2.335981115039857e+01,  2.574496207136725e-01,  20, 0
2.380375551881113e+01,  2.362579875152941e-01,  21, 0
2.410658539340067e+01,  2.171219124303225e-01,  22, 0
2.467898855247573e+01,  1.956094337244798e-01,  23, 0
2.488629072913967e+01,  1.780589362077212e-01,  24, 0
2.544116554889378e+01,  1.575225232430459e-01,  25, 0
2.581604608024678e+01,  1.391923207466519e-01,  26, 0
2.625831651081947e+01,  1.206972279952849e-01,  27, 0
2.646996870835456e+01,  1.048866671329529e-01,  28, 0
2.675921994289828e+01,  8.846449977172610e-02,  29, 0
2.702759522258721e+01,  7.242003579785417e-02,  30, 0
2.742851008441992e+01,  5.517979986551969e-02,  31, 0
2.767384182670867e+01,  3.957326537265460e-02,  32, 0
2.810489002723306e+01,  2.233589231961441e-02,  33, 0
2.822107132281335e+01,  8.392261132059264e-03,  34, 0
2.887748498950469e+01,  -1.062451421368615e-02,  35, 0
2.749165416050617e+01,  3.507480040178645e-03,  36, 0
2.657054637723493e+01,  -2.524437430323712e-03,  37, 0
2.548829701786253e+01,  1.237239532795531e-03,  38, 0
2.469776721063729e+01,  5.018447070981313e-04,  39, 0
2.394520594314026e+01,  2.021355873711439e-04,  40, 0
2.326327927251547e+01,  5.970949053568653e-05,  41, 0
2.264030591368519e+01,  2.039453923119439e-04,  42, 0
2.207442882368535e+01,  3.753207387617863e-04,  43, 0
2.160000437751315e+01,  -7.963482335171523e-05,  44, 0
2.116171270533976e+01,  -1.453231388840459e-04,  45, 0
2.074497846078287e+01,  -3.567733527010120e-04,  46, 0
2.033715750881616e+01,  -4.137529066583490e-06,  47, 0
2.001503249324105e+01,  -4.136850724544283e-04,  48, 0
1.959283599350491e+01,  4.954568597532738e-04,  49, 0
1.931129264019939e+01,  -6.035337232113136e-05,  50, 0
1.901199464613462e+01,  5.271599731271337e-05,  51, 0
1.877999965930718e+01,  -2.650892565868590e-04,  52, 0
1.848026927970268e+01,  -3.237784576106684e-04,  53, 0
1.824977125623898e+01,  -2.110991981836285e-04,  54, 0
1.798481943069621e+01,  2.324317887048011e-06,  55, 0
1.786543719611760e+01,  -1.362725273087451e-04,  56, 0
1.762824715319833e+01,  -3.523410671140148e-04,  57, 0
1.752417960269473e+01,  -3.657048519496442e-04,  58, 0
1.730464265405739e+01,  -2.472007721481262e-04,  59, 0
1.719204079376371e+01,  -3.161904467781085e-04,  60, 0
1.703295785688714e+01,  -3.263575956634623e-04,  61, 0
1.694686198721775e+01,  -4.141341820832478e-04,  62, 0
1.680981016151592e+01,  -2.984173595438344e-04,  63, 0
1.672079167861813e+01,  -3.020874071574253e-04,  64, 0
1.660176669412298e+01,  -1.657703016926249e-04,  65, 0
1.655376673166116e+01,  -2.802982066293369e-04,  66, 0
1.646698410202263e+01,  -6.834922807907873e-05,  67, 0
1.639135167294864e+01,  -1.701123591653086e-04,  68, 0
1.639029696135332e+01,  -2.732319594768162e-04,  69, 0
1.627331132106861e+01,  -3.465309510392034e-04,  70, 0
1.621060900451280e+01,  -1.193105153313168e-04,  71, 0
1.616829530270117e+01,  -9.697984458567621e-05,  72, 0
1.610210486653718e+01,  -8.415375148007609e-05,  73, 0
1.609340052715782e+01,  -1.082722063858732e-04,  74, 0
1.603074187978155e+01,  -4.779322203518621e-05,  75, 0
1.599117306808020e+01,  -1.964434320541608e-04,  76, 0
1.601789305521811e+01,  -1.423201070601676e-04,  77, 0
1.592284940336094e+01,  -2.452956925719230e-04,  78, 0
1.589738427250063e+01,  -3.870052217619380e-04,  79, 0
1.585213618134900e+01,  -3.215313731890213e-04,  80, 0
1.584981205762356e+01,  -5.298527316431878e-04,  81, 0
1.582648494231773e+01,  -3.667084277880761e-04,  82, 0
1.578680699695127e+01,  -5.952369224334619e-04,  83, 0
1.591252134321488e+01,  -1.768159056556473e-03,  84, 0
1.613296236656370e+01,  1.048697052365766e-03,  85, 0
1.599357410910149e+01,  -1.604540422975642e-03,  86, 0
1.567933051561281e+01,  7.890547207443088e-04,  87, 0
1.584080183589670e+01,  -1.958631252208409e-03,  88, 0
1.569276287098465e+01,  -8.591693055493010e-04,  89, 0
1.576661038415203e+01,  -9.221469725808618e-04,  90, 0
1.568184436876952e+01,  -8.012709368269144e-04,  91, 0
1.570444756878936e+01,  -4.328599807559286e-04,  92, 0
1.559575688753552e+01,  -6.130664895832583e-04,  93, 0
1.557602568750190e+01,  -1.576646570663476e-04,  94, 0
1.557592684006085e+01,  -9.360795155145540e-04,  95, 0
1.556013952136971e+01,  -6.511336701120474e-05,  96, 0
1.568745030275027e+01,  -1.550996556715645e-03,  97, 0
1.565955657080752e+01,  1.029129721166644e-03,  98, 0
1.577810564915206e+01,  -7.645100355883838e-03,  99, 0
1.551209088310480e+01,  1.203686904476475e-03,  100, 0
1.552593983387538e+01,  -1.097080473139167e-04,  101, 0
1.556655026262254e+01,  -4.540672397901346e-05,  102, 0
1.551932879214229e+01,  -1.175141310104655e-04,  103, 0
1.555618107590985e+01,  -1.328682941266202e-04,  104, 0
1.565552789050121e+01,  -1.116916602721285e-03,  105, 0
1.566438729260610e+01,  -1.887053852078324e-03,  106, 0
1.549644910398070e+01,  1.180914516830889e-03,  107, 0
1.565164825008863e+01,  -4.964262024795829e-04,  108, 0
1.556729412496995e+01,  -3.210351329557715e-03,  109, 0
1.551336733381479e+01,  -1.340502976264757e-04,  110, 0
1.551200452641525e+01,  -1.489584592184734e-04,  111, 0
1.565356740151308e+01,  -5.252398651149903e-04,  112, 0
1.554117411436272e+01,  -1.767627068037569e-03,  113, 0
1.551196353910434e+01,  -1.906639217913453e-04,  114, 0
1.555797292002075e+01,  -7.949368746991148e-04,  115, 0
1.551443093642394e+01,  3.817952635167821e-04,  116, 0
1.561465270579355e+01,  -1.074795730892864e-03,  117, 0
1.551645946970412e+01,  -4.950990321194171e-04,  118, 0
1.550803849125875e+01,  -9.591852300916415e-05,  119, 0
1.556155248874979e+01,  -8.707080407739376e-04,  120, 0
1.570539508186678e+01,  1.204892596202711e-04,  121, 0
1.555241667238082e+01,  -1.464113672363987e-03,  122, 0
1.550142555581783e+01,  4.620048152848000e-04,  123, 0
1.550665232622001e+01,  -3.022107498329429e-05,  124, 0
1.559126564311583e+01,  -8.187838042044149e-04,  125, 0
1.550995634073910e+01,  4.575119926213400e-04,  126, 0
1.565584123931667e+01,  -8.555398001982573e-04,  127, 0
1.550688053660159e+01,  4.787599632649631e-04,  128, 0
1.551978110539881e+01,  -1.946667047039163e-04,  129, 0
1.561879721452585e+01,  -1.054598180982858e-04,  130, 0
1.565504575381197e+01,  -1.034310476883626e-03,  131, 0
1.551023419255861e+01,  2.884595122554234e-04,  132, 0
1.551128370927111e+01,  -2.991163192055390e-04,  133, 0
1.563360363574079e+01,  -5.527324386822574e-05,  134, 0
1.551585044259171e+01,  -1.680959648516778e-04,  135, 0
1.552649535874369e+01,  -1.121801504381237e-04,  136, 0
1.551640385330600e+01,  -1.046957171378926e-04,  137, 0
1.563389714444907e+01,  -8.958622114231263e-04,  138, 0
1.550011930842383e+01,  4.549972048832895e-04,  139, 0
1.555273975333737e+01,  -1.124746339570271e-04,  140, 0
1.550529605288646e+01,  -8.457106669512715e-05,  141, 0
1.562687024787651e+01,  -2.795627019139824e-04,  142, 0
1.552092814029847e+01,  -8.610049454849111e-04,  143, 0
1.555936979751484e+01,  -1.335020701481726e-04,  144, 0
1.551363478988402e+01,  -1.079209688029659e-04,  145, 0
1.561898927464255e+01,  -1.264299167336169e-04,  146, 0
1.553654395610761e+01,  -4.217356669751204e-04,  147, 0
1.551083767675412e+01,  -5.148468212090584e-06,  148, 0
1.550987130903042e+01,  -2.768192990298957e-05,  149, 0
1.573060922877954e+01,  -1.597411616005573e-04,  150, 0
1.552066800000209e+01,  -7.090086189966982e-04,  151, 0
1.550638691073324e+01,  -4.413243222345375e-05,  152, 0
1.550493750538734e+01,  -3.390941285463800e-05,  153, 0
1.560949879914922e+01,  -1.163503503508467e-04,  154, 0
1.562885280096689e+01,  -1.171280763662463e-03,  155, 0
1.551023660610704e+01,  -3.817426405846591e-04,  156, 0
1.559681330683126e+01,  -1.071076785663649e-04,  157, 0
1.553551592250574e+01,  -3.178435621945530e-04,  158, 0
1.550937832877115e+01,  -1.876601264342304e-04,  159, 0
1.557383816325215e+01,  -8.364769410037498e-04,  160, 0
1.560380833619999e+01,  -4.718190038407455e-04,  161, 0
1.552194205841638e+01,  -4.120348867160395e-04,  162, 0
1.558613153874271e+01,  -1.978391657072587e-04,  163, 0
1.553172499402535e+01,  -1.008292990766990e-03,  164, 0
1.550017053307778e+01,  3.938006894170787e-04,  165, 0
1.563806742688416e+01,  -5.534257105983542e-04,  166, 0
1.551680191900632e+01,  -5.247500366244440e-04,  167, 0
1.551251321846044e+01,  8.640014459437850e-06,  168, 0
1.581980544111041e+01,  -1.350934921307001e-04,  169, 0
1.562315680793037e+01,  -6.830124948157268e-04,  170, 0
1.563033549519442e+01,  -4.420455284782632e-04,  171, 0
1.552612810854718e+01,  -4.360753161294362e-04,  172, 0
1.551745160789725e+01,  -7.640795549879176e-05,  173, 0
1.571177753480971e+01,  -2.470442003321693e-05,  174, 0
1.558014630679638e+01,  -2.013523727559918e-03,  175, 0
1.549966457410388e+01,  9.138150421466040e-04,  176, 0
1.569693361749609e+01,  -1.499113535411434e-04,  177, 0
1.557320660180087e+01,  -1.879641879732108e-03,  178, 0
1.549219153895968e+01,  1.333964354667039e-03,  179, 0
1.555487147234303e+01,  -1.051399989773549e-03,  180, 0
1.558060478901625e+01,  7.155459293433086e-04,  181, 0
1.557764421629291e+01,  -1.806985817659146e-03,  182, 0
1.549312841068300e+01,  1.224334752318201e-03,  183, 0
1.553172445703762e+01,  -9.865700322442272e-04,  184, 0
1.559317854971292e+01,  -3.137548857090611e-05,  185, 0
3.825745761955308e+01,  -1.872688610647932e-04,  186, 0
3.508485948536833e+01,  -4.109173907332786e-03,  187, 0
3.322371077619430e+01,  -4.505054997585689e-03,  188, 0
3.158900576686011e+01,  -4.067315010281347e-03,  189, 0
3.017463739325184e+01,  -2.747250468477902e-03,  190, 0
2.903831842956009e+01,  -1.729044851250028e-03,  191, 0
2.800973536742035e+01,  -9.777602346786596e-04,  192, 0
2.708324774137003e+01,  -6.844999251128803e-04,  193, 0
2.622969666639302e+01,  -4.597961879415635e-04,  194, 0
2.544408575120939e+01,  -4.078919128064351e-04,  195, 0
2.472486893421999e+01,  -4.676349288796899e-04,  196, 0
2.407231576144810e+01,  -2.074412010882876e-04,  197, 0
2.348667159247508e+01,  -6.594430776096782e-05,  198, 0
2.295120747163143e+01,  -4.019984609182625e-05,  199, 0
2.244121329891169e+01,  -8.442550654141900e-05,  200, 0
2.198372823596442e+01,  -2.108782955644317e-04,  201, 0
2.154244892611589e+01,  2.600604019376007e-05,  202, 0
2.105521257690717e+01,  -6.758329670708552e-05,  203, 0
2.063144356782394e+01,  -9.180699313604546e-05,  204, 0
2.024556567520897e+01,  -1.065561964860295e-04,  205, 0
1.989201365174832e+01,  -5.491931124679272e-05,  206, 0
1.956554847849984e+01,  -6.174614674969714e-05,  207, 0
1.926312976478453e+01,  2.090296044503503e-04,  208, 0
1.888903403995801e+01,  2.801121697104669e-05,  209, 0
1.862072868298069e+01,  -9.458764693381916e-06,  210, 0
1.838344227001986e+01,  -1.482634255021154e-04,  211, 0
1.806894598984602e+01,  2.606276581000877e-04,  212, 0
1.765867093052320e+01,  9.973966947618429e-05,  213, 0
1.744422137719276e+01,  -7.922164273251875e-04,  214, 0
1.714270075474824e+01,  -2.781439866893498e-04,  215, 0
1.697741897928371e+01,  -2.355047682730538e-04,  216, 0
1.685265445322158e+01,  -2.913698361647343e-04,  217, 0
1.676001968225676e+01,  -1.299968479372415e-04,  218, 0
1.667981691670578e+01,  -1.270423780156404e-04,  219, 0
1.660985476559696e+01,  -1.376109149578975e-04,  220, 0
1.654946444780456e+01,  -2.782866150120578e-04,  221, 0
1.649540061259535e+01,  -5.992894756420286e-04,  222, 0
1.642877279328217e+01,  1.263219268283766e-04,  223, 0
1.638481921744490e+01,  -2.828222593480589e-04,  224, 0
1.633624634361180e+01,  -5.881485897474281e-05,  225, 0
1.629381018610907e+01,  -8.719905527942995e-05,  226, 0
1.625756605979155e+01,  -4.117701602723844e-05,  227, 0
1.622881051841512e+01,  -8.024397386741100e-05,  228, 0
1.620554597170097e+01,  -1.372257348365435e-04,  229, 0
1.617417077986277e+01,  -1.022558186196676e-04,  230, 0
1.615234332809385e+01,  -8.901039129227684e-05,  231, 0
1.613193241995821e+01,  -5.098657072866164e-05,  232, 0
1.611300222785070e+01,  -4.417435342751741e-05,  233, 0
1.609656811347632e+01,  -1.994649875791676e-05,  234, 0
1.607449502273636e+01,  -4.082877117816963e-05,  235, 0
1.606022172881011e+01,  -2.497388555271485e-04,  236, 0
1.603839990928126e+01,  -3.523499480484471e-05,  237, 0
1.602159171050431e+01,  -2.538316288980269e-05,  238, 0
1.601051858303774e+01,  -1.784542663764155e-04,  239, 0
1.599032086190314e+01,  -9.872767851570874e-05,  240, 0
1.599361598178159e+01,  -1.367503883473731e-04,  241, 0
1.597647707469481e+01,  -2.735142327736639e-04,  242, 0
1.597881620869912e+01,  -6.506062979605431e-05,  243, 0
1.595827810855702e+01,  -2.535592224034433e-04,  244, 0
1.596412920478288e+01,  -1.799219959828235e-04,  245, 0
1.593709012476384e+01,  -1.509292928182360e-04,  246, 0
1.592534093513703e+01,  -2.088903497403649e-04,  247, 0
1.593560900168865e+01,  -7.925370518879760e-05,  248, 0
1.590405134550961e+01,  5.160790821023831e-05,  249, 0
1.592419752854193e+01,  -1.396689046296862e-04,  250, 0
1.590039574907131e+01,  -4.102603137673411e-04,  251, 0
1.591449916586902e+01,  -1.616328720666083e-04,  252, 0
1.588994604239855e+01,  -3.423245586050561e-04,  253, 0
1.590543255402406e+01,  -1.038369033863340e-04,  254, 0
1.587849599873616e+01,  -9.589527520637020e-05,  255, 0
1.589893820186123e+01,  -1.140321713792858e-04,  256, 0
1.589363371557694e+01,  -2.281664028902508e-05,  257, 0
1.587044308992611e+01,  -3.038588604853398e-05,  258, 0
1.589241042672931e+01,  3.530947951801977e-06,  259, 0
1.586878080454103e+01,  1.274665965067534e-05,  260, 0
1.589189796939388e+01,  3.964520004129390e-05,  261, 0
1.589163300916361e+01,  9.160740620073327e-06,  262, 0
1.589095730590146e+01,  4.090211671514687e-05,  263, 0
1.586834434225324e+01,  4.067476123248426e-06,  264, 0
1.589207229704949e+01,  -5.221408052258347e-06,  265, 0
1.589116664132454e+01,  1.560307377523884e-06,  266, 0
1.586757435348688e+01,  2.278449767056934e-05,  267, 0
1.589185069806765e+01,  -2.490177588498899e-05,  268, 0
1.589106365314391e+01,  -1.534236703459868e-06,  269, 0
1.589085372374821e+01,  -1.489567411105952e-05,  270, 0
1.586706165724857e+01,  -4.885046230096446e-05,  271, 0
1.588984870721101e+01,  -9.450568074276244e-05,  272, 0
1.588680964378676e+01,  -2.578775255945853e-05,  273, 0
1.588485557730574e+01,  -2.503203183878977e-05,  274, 0
1.609687021424799e+01,  -3.964931588917864e-05,  275, 0
1.589098681966023e+01,  -3.514961694337515e-04,  276, 0
1.586163004693335e+01,  -7.671185637680988e-05,  277, 0
1.610419338637199e+01,  -1.202645545776981e-04,  278, 0
1.589096381782261e+01,  -4.372840729783833e-04,  279, 0
1.586013632127548e+01,  -4.666647670437118e-05,  280, 0
1.588096595049162e+01,  -5.738575942748625e-05,  281, 0
1.585417862419108e+01,  -3.290998462579520e-05,  282, 0
1.585117840284763e+01,  -8.028099324419724e-05,  283, 0
1.630660973459294e+01,  -6.982682189782263e-05,  284, 0
1.614844296971684e+01,  -3.665856060650619e-04,  285, 0
1.588710721666470e+01,  -2.978875427905869e-04,  286, 0
1.587982394080580e+01,  -6.521957313865290e-05,  287, 0
1.585348450915187e+01,  -6.429900977866776e-05,  288, 0
1.585908394411071e+01,  -1.737695571728537e-04,  289, 0
1.585721110771672e+01,  -5.881661877316091e-05,  290, 0
1.584542300326762e+01,  -9.052747714111131e-05,  291, 0
1.586134707349432e+01,  -9.051813574234568e-05,  292, 0
1.583582826584562e+01,  -8.260843853247213e-05,  293, 0
1.584936539872703e+01,  -7.742855496883916e-05,  294, 0
1.582647481423062e+01,  -5.366586242583349e-05,  295, 0
1.584240049350079e+01,  -1.942569940839300e-04,  296, 0
1.585003340534642e+01,  -4.790227810386183e-04,  297, 0
1.584813469053872e+01,  -8.161223477490820e-04,  298, 0
1.582057821335179e+01,  -1.136744225345931e-03,  299, 0
1.586196152332893e+01,  -8.420885449428317e-04,  300, 0
1.582601515639362e+01,  -7.246250270435128e-04,  301, 0
1.580605850876827e+01,  -7.352394646615856e-04,  302, 0
1.578471980879730e+01,  -2.416700560433638e-04,  303, 0
1.577424082600435e+01,  -4.839541442006601e-04,  304, 0
1.576823397183447e+01,  -3.167769415859389e-04,  305, 0
1.574688795537458e+01,  1.867862310571677e-04,  306, 0
1.574504746667806e+01,  4.949384606245388e-05,  307, 0
1.573499304042755e+01,  -3.479497623307681e-04,  308, 0
1.572390743823667e+01,  1.325913191216888e-04,  309, 0
1.571969073754359e+01,  -5.330255473653400e-04,  310, 0
1.570042305219750e+01,  6.906256816807677e-05,  311, 0
1.570952917651827e+01,  -1.659528811692734e-05,  312, 0
1.569156011882811e+01,  -2.054058719381802e-04,  313, 0
1.567830702120208e+01,  5.313134808782038e-05,  314, 0
1.566813211210646e+01,  2.550527834110916e-05,  315, 0
1.565889694396216e+01,  -1.157733963685903e-05,  316, 0
1.564799218450998e+01,  3.067914239074376e-05,  317, 0
1.565093674412377e+01,  -2.694959929838703e-05,  318, 0
1.564024497099714e+01,  -1.556958108328566e-06,  319, 0
1.562554903665134e+01,  -4.087213140024915e-05,  320, 0
1.562295793927493e+01,  2.459561367240681e-05,  321, 0
1.563252404539515e+01,  -1.417773470124839e-05,  322, 0
1.560796521507827e+01,  -3.781986320250397e-05,  323, 0
1.561501291436543e+01,  -5.564954286529922e-05,  324, 0
1.559357446513033e+01,  -4.268171132737475e-05,  325, 0
1.559957161832187e+01,  -2.715496351957114e-05,  326, 0
1.558217578984788e+01,  -1.273914208987925e-04,  327, 0
1.558629783941482e+01,  -3.939458695956244e-05,  328, 0
1.557016678794428e+01,  -8.453069193847806e-05,  329, 0
1.557454678588577e+01,  -3.320780879223495e-05,  330, 0
1.556038882280736e+01,  -9.004843288329401e-05,  331, 0
1.556600383072171e+01,  -6.817195446873203e-05,  332, 0
1.556000798817232e+01,  -1.251388019603006e-04,  333, 0
1.554474812198479e+01,  -8.438302830793276e-05,  334, 0
1.554700398397615e+01,  -2.206206157846502e-04,  335, 0
1.557456662174671e+01,  -8.534415673326912e-04,  336, 0
1.554613230840233e+01,  3.854893957042638e-04,  337, 0
1.555562083313066e+01,  -2.392838306150002e-04,  338, 0
1.565749012781145e+01,  1.644076463584998e-04,  339, 0
1.554250431713648e+01,  -1.998946074465158e-04,  340, 0
1.563324295485703e+01,  -1.381820978929582e-05,  341, 0
1.553071512747706e+01,  -2.580556740340301e-04,  342, 0
1.562398246632553e+01,  -2.269521722852996e-05,  343, 0
1.558955407319914e+01,  -1.631108045084817e-04,  344, 0
1.551159233684153e+01,  -8.374231801167031e-05,  345, 0
1.556525071343754e+01,  -1.787443056423532e-04,  346, 0
1.556964717230463e+01,  -9.076008101105426e-05,  347, 0
1.550947074569687e+01,  -1.109535134005135e-04,  348, 0
1.554198564495532e+01,  -1.307184311484244e-04,  349, 0
1.569195080421718e+01,  -8.656665064191715e-04,  350, 0
1.568049035910709e+01,  -1.072855802044637e-03,  351, 0
1.570264219499125e+01,  -1.321866134006089e-03,  352, 0
1.562330530741606e+01,  -1.018426837610109e-04,  353, 0
1.565671097370283e+01,  -1.247591835002004e-03,  354, 0
1.561352507049448e+01,  -1.027351269876631e-04,  355, 0
1.562380583295786e+01,  -1.232101725912593e-03,  356, 0
1.561975646053986e+01,  1.646479880352825e-04,  357, 0
1.554985124727605e+01,  -1.165433982247333e-03,  358, 0
1.552408539873972e+01,  -1.915773888286898e-04,  359, 0
1.551883144732894e+01,  -1.167635407715917e-03,  360, 0
1.550261417675686e+01,  -8.192953995722618e-05,  361, 0
1.549314234477364e+01,  -9.235268743713609e-04,  362, 0
1.546714753952801e+01,  -1.214713229391595e-05,  363, 0
1.544844660885922e+01,  -7.303107625533656e-05,  364, 0
1.550625757358760e+01,  -1.003583626176918e-03,  365, 0
1.545025850824015e+01,  5.148638445018339e-04,  366, 0
1.547012529419350e+01,  -8.833728522988915e-04,  367, 0
1.545130949405816e+01,  2.727926921601842e-04,  368, 0
1.544154368752592e+01,  -4.677205034656629e-04,  369, 0
1.545439366870263e+01,  -5.946084009159636e-04,  370, 0
1.543474446240116e+01,  -8.820154448507811e-05,  371, 0
1.541216907835772e+01,  -3.790617858545620e-05,  372, 0
1.544527872435147e+01,  -3.945627940904473e-05,  373, 0
1.541841839856861e+01,  -2.733222365426391e-04,  374, 0
1.543555084819680e+01,  -4.469049640720701e-05,  375, 0
1.540735138059589e+01,  -4.565322772320801e-05,  376, 0
1.543466795112993e+01,  -1.111194910548008e-04,  377, 0
1.540472150216337e+01,  -3.136409548023522e-04,  378, 0
1.543062343443591e+01,  -1.405583222195972e-04,  379, 0
1.538464955192540e+01,  -3.195468254202360e-04,  380, 0
1.540546979482368e+01,  -1.052710952568203e-04,  381, 0
1.539742926460644e+01,  -2.719332026490662e-04,  382, 0
1.539417916792504e+01,  -1.855486875549373e-04,  383, 0
1.538824935783042e+01,  -3.565322912376656e-04,  384, 0
1.538777160442904e+01,  -2.029317128485753e-04,  385, 0
1.537774719853646e+01,  -2.539746873208015e-04,  386, 0
1.535827898222786e+01,  -1.652433731704761e-04,  387, 0
1.537601507325205e+01,  -2.209618588234763e-04,  388, 0
1.536262461950168e+01,  -1.581778265786760e-04,  389, 0
1.536780829951912e+01,  -1.880394711687439e-04,  390, 0
1.533465686665467e+01,  -1.808825475894116e-04,  391, 0
1.535846139127700e+01,  -2.263862632712055e-04,  392, 0
1.533244827299986e+01,  -1.457673849895036e-04,  393, 0
1.533205664598268e+01,  -3.725923499764416e-05,  394, 0
1.533394966225371e+01,  -4.885933646014973e-05,  395, 0
1.532006419829314e+01,  -1.001291370474888e-04,  396, 0
1.533784707659047e+01,  -5.025981737072360e-05,  397, 0
1.531719330283074e+01,  -9.470247365850337e-05,  398, 0
1.531972368439089e+01,  -5.205100037930510e-05,  399, 0
1.532822251993729e+01,  -9.877487552756303e-05,  400, 0
1.531382621418413e+01,  -1.291659354908381e-04,  401, 0
1.531498671795325e+01,  -9.010075668403061e-05,  402, 0
1.529535143120058e+01,  -6.183619284616526e-05,  403, 0
1.531869023396576e+01,  -1.784340661620254e-04,  404, 0
1.529549999311667e+01,  -7.804817991141633e-05,  405, 0
1.528596541789221e+01,  -8.743640614528037e-05,  406, 0
1.530203316927685e+01,  -2.583801359747895e-04,  407, 0
1.528481906814983e+01,  -1.683329838768621e-04,  408, 0
1.530360813262413e+01,  -3.498465042682808e-04,  409, 0
1.527203978255448e+01,  -2.085187966387458e-04,  410, 0
1.528575066569622e+01,  -3.334564921807504e-04,  411, 0
1.526326250144588e+01,  -1.416472578109618e-04,  412, 0
1.526760138817920e+01,  -1.720515868030015e-04,  413, 0
1.525671174648969e+01,  -1.555580383461042e-04,  414, 0
1.529081601590850e+01,  -2.231312581483236e-04,  415, 0
1.524980878281108e+01,  -4.717120105146577e-05,  416, 0
1.525541160068808e+01,  -1.717858586793852e-04,  417, 0
1.524395735044704e+01,  -1.132224615146837e-04,  418, 0
1.524965732420074e+01,  -9.449205745182265e-05,  419, 0
1.528040944592711e+01,  -4.388981427627670e-05,  420, 0
1.524365388375887e+01,  -7.467478116607307e-05,  421, 0
1.523282057727318e+01,  -1.375673370150876e-04,  422, 0
1.523879761963883e+01,  -2.875525592046513e-04,  423, 0
1.525252245874718e+01,  -5.656979786325955e-04,  424, 0
1.532682275240784e+01,  -8.221053321997296e-04,  425, 0
1.528601838745797e+01,  -1.323862140302223e-04,  426, 0
1.521535985385228e+01,  4.096873907990517e-04,  427, 0
1.522110227488017e+01,  -2.226023500481178e-04,  428, 0
1.529266567758457e+01,  -8.255829605542386e-04,  429, 0
1.519939355583151e+01,  1.110171685269501e-03,  430, 0
1.522123776122151e+01,  -8.399721119093373e-04,  431, 0
1.526026520681137e+01,  -3.445727785164054e-04,  432, 0
1.519243233681501e+01,  7.634846417630126e-04,  433, 0
1.520221744609566e+01,  -2.833939124028406e-04,  434, 0
1.520079154827895e+01,  -4.399512111187276e-04,  435, 0
1.519715746100537e+01,  -4.479714043803540e-05,  436, 0
1.518398799638694e+01,  1.513635684837755e-04,  437, 0
1.518515538010472e+01,  -9.966131790317689e-05,  438, 0
1.518739477196408e+01,  -3.191819640774307e-04,  439, 0
1.518484356578647e+01,  -8.603674177753984e-05,  440, 0
1.517945631216097e+01,  -2.564965725824209e-04,  441, 0
1.519081516206303e+01,  -1.549183945500632e-04,  442, 0
1.517109284104661e+01,  -2.028671509252122e-04,  443, 0
1.518329712315665e+01,  -2.457830027285945e-04,  444, 0
1.519371135091343e+01,  -2.448999733033475e-04,  445, 0
1.517601170808280e+01,  -3.277551335689743e-04,  446, 0
1.518542487578614e+01,  -4.631316691506848e-04,  447, 0
1.517245442287266e+01,  -4.727699702967714e-04,  448, 0
1.518175942581922e+01,  -3.398290443543672e-04,  449, 0
1.517244978737859e+01,  -2.514937480770918e-04,  450, 0
1.517566443750152e+01,  -1.290344764628415e-04,  451, 0
1.515668399834590e+01,  4.722070943439238e-04,  452, 0
1.505452439113699e+01,  5.571978960867918e-03,  453, 0
1.517081710678667e+01,  -8.778319629709763e-04,  454, 0
1.515479394754190e+01,  7.353650416914714e-04,  455, 0
1.515046076305729e+01,  -4.063318471864141e-04,  456, 0
1.513811868425313e+01,  7.708202427818556e-04,  457, 0
1.513939693649990e+01,  -2.344682660209152e-04,  458, 0
1.513624605062534e+01,  3.295091608845890e-04,  459, 0
1.509800864645915e+01,  1.972874889180298e-03,  460, 0
1.512406297170652e+01,  6.871779017925128e-05,  461, 0
1.512362479742098e+01,  6.845048267816178e-04,  462, 0
1.506701560437250e+01,  3.268916747573458e-03,  463, 0
1.512090913105559e+01,  -6.132073019060602e-05,  464, 0
1.509920688202792e+01,  7.305460036617362e-04,  465, 0
1.511785319465274e+01,  -2.297213004651688e-04,  466, 0
1.510226446655614e+01,  -2.393026415292709e-05,  467, 0
1.509372220200556e+01,  7.636525184215870e-04,  468, 0
1.510062463854183e+01,  -4.253413013258767e-04,  469, 0
1.508607451290670e+01,  -2.348353456271823e-05,  470, 0
1.509548927407592e+01,  6.474558921614193e-04,  471, 0
1.509041789443786e+01,  -5.562438704914685e-04,  472, 0
1.507821851742001e+01,  -1.309129263141751e-04,  473, 0
1.506738539754843e+01,  3.953186965506283e-04,  474, 0
1.502301925478539e+01,  2.471301263748282e-03,  475, 0
1.506078540072998e+01,  -2.514951752260464e-04,  476, 0
1.506541431120718e+01,  -2.508632770052976e-04,  477, 0
1.517103201520561e+01,  -1.273186505909796e-03,  478, 0
1.514116670211100e+01,  -9.456223081248938e-04,  479, 0
1.512040280953841e+01,  -7.779223277711855e-04,  480, 0
1.509013374808939e+01,  5.366198704683800e-04,  481, 0
1.505988766550532e+01,  1.305139602823191e-03,  482, 0
1.506210810702885e+01,  -7.840334672348792e-05,  483, 0
1.510069944570600e+01,  -4.970669534497540e-04,  484, 0
1.507163063461675e+01,  -7.527238176585627e-05,  485, 0
1.507222165562963e+01,  6.766408215981290e-04,  486, 0
1.507619834727935e+01,  -4.092781154790837e-04,  487, 0
1.505951745240649e+01,  -8.964923976517714e-05,  488, 0
1.502891415484842e+01,  -2.388437117305520e-04,  489, 0
1.505737552357861e+01,  -1.815789973590443e-04,  490, 0
1.504429845188558e+01,  -2.332079481702776e-04,  491, 0
1.502837594662363e+01,  -5.968109057352677e-05,  492, 0
1.501140643119375e+01,  -8.559492857684869e-05,  493, 0
1.505225082886364e+01,  -4.063494931827449e-05,  494, 0
1.500324178029332e+01,  -2.277278737944366e-04,  495, 0
1.517599945415727e+01,  -4.950662800132788e-04,  496, 0
1.503470137051754e+01,  -3.025191565102503e-04,  497, 0
1.515186544433912e+01,  -9.659066213548728e-04,  498, 0
1.500287343605381e+01,  -6.618115703557192e-04,  499, 0
1.512257473803368e+01,  -1.080001001494968e-03,  500, 0
1.499249373439612e+01,  -4.675089765759921e-04,  501, 0
1.501807828462661e+01,  -3.869588372041877e-04,  502, 0
1.498606747220568e+01,  -1.092806602356333e-04,  503, 0
1.498996108416277e+01,  -3.747071888033915e-04,  504, 0
1.498781826299021e+01,  3.159541128061605e-06,  505, 0
1.502131009282433e+01,  -2.649816630309054e-04,  506, 0
1.497634577469270e+01,  -1.173606067421673e-04,  507, 0
1.499324999917538e+01,  -3.143071159960042e-04,  508, 0
1.495988398293390e+01,  -4.783725286072738e-05,  509, 0
1.496643965408929e+01,  -3.650045511038869e-05,  510, 0
1.498034637595140e+01,  -8.223615819058505e-05,  511, 0
1.495068244659788e+01,  -1.017211696727749e-04,  512, 0
1.498442830558991e+01,  -3.776389158590687e-04,  513, 0
1.494228831141297e+01,  -2.175779526436550e-04,  514, 0
1.496142735910015e+01,  -3.576492712298318e-05,  515, 0
1.493407730915354e+01,  -2.758859130335134e-04,  516, 0
1.496860258592497e+01,  -1.140062669559017e-04,  517, 0
1.492584586451679e+01,  -2.073046328758821e-04,  518, 0
1.492492805429835e+01,  -4.828521858426527e-04,  519, 0
1.493562027480889e+01,  2.073798037738328e-05,  520, 0
1.492966262101654e+01,  -3.018046622671466e-05,  521, 0
1.490694417072306e+01,  -4.587403541067570e-05,  522, 0
1.491290263541107e+01,  -3.827059765248997e-04,  523, 0
1.493119572836062e+01,  -3.211138305049266e-04,  524, 0
1.491764634670759e+01,  -1.671573347471478e-04,  525, 0
1.490206407356695e+01,  -4.300004842235916e-04,  526, 0
1.491620374746011e+01,  -1.518584210946639e-05,  527, 0
1.489127383635957e+01,  -2.881143390954799e-04,  528, 0
1.489898329025620e+01,  7.404986437862249e-04,  529, 0
1.492082664341545e+01,  -8.385932946604058e-04,  530, 0
1.487838337851831e+01,  6.411208521532874e-04,  531, 0
1.488410053611082e+01,  -2.124721864397161e-04,  532, 0
1.492565091785258e+01,  6.210559876662636e-04,  533, 0
1.488624525128786e+01,  -8.459076334913496e-04,  534, 0
1.488225785649866e+01,  6.141323292252476e-04,  535, 0
1.487933016312843e+01,  -7.267911734833987e-04,  536, 0
1.489934146991678e+01,  6.276963711726591e-04,  537, 0
1.486016231548761e+01,  1.506357280639525e-03,  538, 0
1.486185028422669e+01,  3.045930316754042e-04,  539, 0
1.487886180571537e+01,  5.460773702150590e-04,  540, 0
1.487371345941145e+01,  3.045717977638862e-04,  541, 0
1.485579154417022e+01,  3.488136217333349e-04,  542, 0
1.485459793118961e+01,  2.078254256177026e-04,  543, 0
1.487891265053187e+01,  -5.797682180885833e-05,  544, 0
1.486934336583231e+01,  -1.117476901262293e-04,  545, 0
1.486602316616080e+01,  -8.537083300241832e-05,  546, 0
1.484022428471271e+01,  4.447148148674085e-04,  547, 0
1.486486122875092e+01,  3.351754368607907e-05,  548, 0
1.485866011213613e+01,  -4.345089186219564e-05,  549, 0
1.483657132918876e+01,  1.785187505423114e-04,  550, 0
1.487707996305933e+01,  -2.312541508020516e-05,  551, 0
1.485650583199495e+01,  -2.133941498952963e-04,  552, 0
1.487829348908739e+01,  -6.797043784683154e-04,  553, 0
1.485610177321322e+01,  -4.635183327783565e-05,  554, 0
1.485743348882873e+01,  -4.938263895213346e-04,  555, 0
1.484591507854924e+01,  2.044432858006040e-05,  556, 0
1.489322580410818e+01,  -5.328083273802298e-04,  557, 0
1.482805900968401e+01,  -8.418539337584630e-05,  558, 0
1.485206786184719e+01,  -5.312497667934180e-04,  559, 0
1.485684521244731e+01,  1.710532918151042e-04,  560, 0
1.485190881146023e+01,  4.760238922842941e-04,  561, 0
1.483501521625130e+01,  5.696915073438724e-05,  562, 0
1.485866192191598e+01,  1.483036733846976e-04,  563, 0
1.483158020531362e+01,  -4.686753184468540e-05,  564, 0
1.485368327810442e+01,  -3.055071089130834e-05,  565, 0
1.485059120115573e+01,  -7.915956349469067e-05,  566, 0
1.483311671654171e+01,  -6.273595647510177e-05,  567, 0
1.484220468608793e+01,  -5.284073290712232e-05,  568, 0
1.486211610754735e+01,  -4.270187901733724e-05,  569, 0
1.481789009055465e+01,  -1.358808399056777e-04,  570, 0
1.482038469334980e+01,  -8.165624629852264e-05,  571, 0
1.483286582475863e+01,  -1.149102751584197e-04,  572, 0
1.491486421284668e+01,  -9.196830918319909e-04,  573, 0
1.487396541092922e+01,  6.639697337333939e-04,  574, 0
1.488074332897663e+01,  -4.944200501132423e-04,  575, 0
1.484015675994191e+01,  4.326841834065842e-04,  576, 0
1.484657659562775e+01,  6.669004461310468e-04,  577, 0
1.484526197820965e+01,  -8.868495065462723e-04,  578, 0
1.485559406727243e+01,  7.193055069927290e-04,  579, 0
1.488036718064127e+01,  -1.527675081276159e-03,  580, 0
1.481111030217316e+01,  3.757199068583628e-04,  581, 0
1.487163639134628e+01,  -8.751403583951989e-04,  582, 0
1.480753758871606e+01,  3.949178291007271e-05,  583, 0
1.483667626317938e+01,  -7.604290294978000e-04,  584, 0
1.481164916813910e+01,  5.941262277777692e-04,  585, 0
1.481282060958678e+01,  -1.090670035483465e-03,  586, 0
1.482231293551098e+01,  -1.372719339538420e-03,  587, 0
1.481170480212722e+01,  2.360391971680809e-04,  588, 0
1.481811011752126e+01,  -2.806318318518186e-03,  589, 0
1.478804271624931e+01,  -1.356654564855786e-04,  590, 0
1.483270047150441e+01,  -3.024825490377525e-04,  591, 0
1.478138520814110e+01,  -6.323863883072045e-04,  592, 0
1.484418511089707e+01,  -8.791592490301481e-04,  593, 0
1.478954359404738e+01,  -2.045000647216133e-04,  594, 0
1.480185077091790e+01,  -3.564153749346932e-05,  595, 0
1.480669651068876e+01,  -4.635413285530854e-04,  596, 0
1.478864901506253e+01,  -7.911910980640258e-04,  597, 0
1.478215428306656e+01,  5.677011219649142e-04,  598, 0
1.479912833247644e+01,  -7.751476532379398e-04,  599, 0
1.480275902929801e+01,  -6.730103087978501e-04,  600, 0
1.476848030980087e+01,  -6.871360016401651e-04,  601, 0
1.477775122968041e+01,  5.121350506320788e-04,  602, 0
1.478206677949869e+01,  -1.044461614269410e-03,  603, 0
1.480812113061721e+01,  -2.702701906468485e-04,  604, 0
1.485949763436562e+01,  -3.536599618753411e-03,  605, 0
1.476155569199660e+01,  1.486835908546924e-03,  606, 0
1.482005038190058e+01,  -1.242454057050146e-03,  607, 0
1.480636347115579e+01,  6.092260674428474e-05,  608, 0
1.485614407366112e+01,  -7.952538230434625e-04,  609, 0
1.477407836177924e+01,  8.554496221577779e-04,  610, 0
1.486294926319098e+01,  -9.434261770788765e-04,  611, 0
1.487666852547537e+01,  -3.770535771856376e-03,  612, 0
1.480636024820600e+01,  -1.235533375504305e-04,  613, 0
1.483236399359401e+01,  -9.219920049952091e-05,  614, 0
1.479708226159273e+01,  -6.762313843722279e-05,  615, 0
1.515592460796148e+01,  -1.616567137819325e-03,  616, 0
1.508369018617761e+01,  -4.022551635826099e-04,  617, 0
1.480879294852544e+01,  -7.207945684395423e-05,  618, 0
1.504136148356185e+01,  -3.625863923004680e-04,  619, 0
1.504240063811363e+01,  -1.656901115131171e-03,  620, 0
1.497441329601073e+01,  1.828188418271370e-04,  621, 0
1.501236665484369e+01,  -2.049246193209897e-03,  622, 0
1.491723603914532e+01,  -2.230460956365032e-05,  623, 0
1.501852804332847e+01,  -8.467742795376099e-04,  624, 0
1.490783154037588e+01,  -1.525023466852571e-03,  625, 0
1.500010788000732e+01,  -1.749305192630612e-03,  626, 0
1.488455564699657e+01,  -1.709239982393362e-03,  627, 0
1.492573512954223e+01,  -7.153973521673018e-04,  628, 0
1.487749010710018e+01,  -6.622428359767119e-04,  629, 0
1.490210240606415e+01,  -8.596139451539919e-04,  630, 0
1.487032224154863e+01,  -3.168312071748502e-04,  631, 0
1.485782394084456e+01,  -4.093525224488914e-04,  632, 0
1.489210369929691e+01,  -6.241983062241774e-04,  633, 0
1.483774712270540e+01,  -3.727232136560010e-04,  634, 0
1.486988669240345e+01,  -3.730692459771312e-04,  635, 0
1.481167714091024e+01,  -1.263875585721941e-04,  636, 0
1.480350185848581e+01,  5.180050022969507e-03,  637, 0
1.484956179406507e+01,  -4.038083132938963e-04,  638, 0
1.486819820734229e+01,  -4.040921747093806e-04,  639, 0
1.481899273666237e+01,  -4.759391213927655e-04,  640, 0
1.489719733436531e+01,  -1.503424239928108e-04,  641, 0
1.479842163180787e+01,  -5.019291688029837e-04,  642, 0
1.485579091936106e+01,  -1.432160893571899e-04,  643, 0
1.484362461542162e+01,  -1.597501294406944e-04,  644, 0
1.484436211444693e+01,  -1.864533373091559e-04,  645, 0
1.482100637763003e+01,  -2.153116629294294e-04,  646, 0
1.485708250333172e+01,  -8.509295647429749e-05,  647, 0
1.482115252642593e+01,  -2.323343764251140e-04,  648, 0
1.484785472361282e+01,  -8.634046201461132e-05,  649, 0
1.479805822171683e+01,  -1.209802378188130e-04,  650, 0
1.486260148319673e+01,  -1.910002197978988e-04,  651, 0
1.478673069846112e+01,  -4.009238405365823e-04,  652, 0
1.483402515146551e+01,  -1.198194294702581e-04,  653, 0
1.479667623177565e+01,  -2.192403825853617e-04,  654, 0
1.483693103103688e+01,  -1.324833056665087e-04,  655, 0
1.480865569855217e+01,  -2.768101529223577e-04,  656, 0
1.481302386698190e+01,  -2.079968696372392e-04,  657, 0
1.479062514640417e+01,  -7.680746826144169e-05,  658, 0
1.487488133420078e+01,  -1.102039242143471e-04,  659, 0
1.479658297961646e+01,  -4.601739622591694e-04,  660, 0
1.478939100412222e+01,  -3.061451670294257e-05,  661, 0
1.480219020184355e+01,  -1.224076244643602e-05,  662, 0
1.483418729346802e+01,  -1.130739055481556e-04,  663, 0
1.481380658297165e+01,  -2.509987925884971e-04,  664, 0
1.480939023345775e+01,  -2.684121659778382e-04,  665, 0
1.478702402704846e+01,  -4.023995219626375e-05,  666, 0
1.482332944966501e+01,  -6.523041097850069e-05,  667, 0
1.509417977060508e+01,  -9.952637753070093e-04,  668, 0
1.493533598577391e+01,  -8.250776624363354e-04,  669, 0
1.490495139073749e+01,  -3.283915527559911e-04,  670, 0
1.483633344973208e+01,  4.506051075827688e-04,  671, 0
1.491483526779359e+01,  -1.115154133921936e-03,  672, 0
1.490181582613734e+01,  -2.832535922023816e-04,  673, 0
1.477837111790586e+01,  5.498806624626429e-04,  674, 0
1.495962812350191e+01,  -1.065493251739102e-03,  675, 0
1.480455902074114e+01,  1.989467600205241e-04,  676, 0
1.487748074554149e+01,  -8.732521564461804e-04,  677, 0
1.477867958933863e+01,  5.568344918251977e-04,  678, 0
1.493240000711997e+01,  -8.386990628229674e-04,  679, 0
1.479819664231706e+01,  4.441734050464330e-04,  680, 0
1.486587001130951e+01,  -9.500150895958015e-04,  681, 0
1.486673931757869e+01,  -8.754828682455695e-05,  682, 0
1.486299685653043e+01,  -2.111275751381925e-05,  683, 0
1.485472975859118e+01,  -3.010012358294345e-04,  684, 0
1.483054673488054e+01,  6.340123575256928e-04,  685, 0
1.481517378617186e+01,  -1.861918047550981e-04,  686, 0
1.481572255818388e+01,  -1.647551559237348e-04,  687, 0
1.487197272305201e+01,  -3.942377322674329e-05,  688, 0
1.488956000138900e+01,  -8.136411235070140e-04,  689, 0
1.487062984277938e+01,  -3.105070522145814e-04,  690, 0
1.484265937957750e+01,  -8.158508208143678e-04,  691, 0
1.487424282518357e+01,  4.272363954582747e-04,  692, 0
1.477311005718166e+01,  8.582573907605084e-04,  693, 0
1.497800462115024e+01,  -2.602993141938015e-03,  694, 0
1.482397536847140e+01,  -1.657901787587401e-03,  695, 0
1.483755516186724e+01,  -1.069101523885840e-03,  696, 0
1.478432962576482e+01,  6.770905936730465e-04,  697, 0
1.484851448002532e+01,  -9.399321737375566e-04,  698, 0
1.480229951080277e+01,  3.981039276665932e-04,  699, 0
1.486372614854618e+01,  -8.970562507978341e-04,  700, 0
1.481976977285576e+01,  4.718378262624778e-04,  701, 0
1.481683273960571e+01,  -4.734190046855602e-04,  702, 0
1.481651183423915e+01,  5.906890310323210e-04,  703, 0
1.483570381095549e+01,  -6.926643585721814e-04,  704, 0
1.478024161890293e+01,  5.579851076753517e-04,  705, 0
1.483303083500433e+01,  -1.015959363504293e-03,  706, 0
1.479395756858336e+01,  6.565633365365198e-04,  707, 0
1.480758673786801e+01,  -8.311211117860706e-04,  708, 0
1.481736238243567e+01,  6.025170619099462e-04,  709, 0
1.483965554940329e+01,  -1.045129778487475e-03,  710, 0
1.475965542589069e+01,  6.525619402710792e-04,  711, 0
1.483402686953013e+01,  -7.928643066900110e-04,  712, 0
1.484124890465799e+01,  -1.323418348208039e-04,  713, 0
1.475965184447890e+01,  7.295316804463159e-04,  714, 0
1.482730105282052e+01,  -6.381851182976073e-04,  715, 0
1.477790194526827e+01,  6.492580250865299e-04,  716, 0
1.482461551028707e+01,  -8.334546877106774e-04,  717, 0
1.479438645219269e+01,  6.592395559137376e-04,  718, 0
1.478949444476463e+01,  -5.999712209106001e-04,  719, 0
1.479185515524233e+01,  1.035740710299882e-03,  720, 0
1.484113271225466e+01,  -8.041031439672830e-04,  721, 0
1.477530309187031e+01,  6.830700527193923e-04,  722, 0
1.478667941903390e+01,  -6.762508747814033e-04,  723, 0
1.479083426795562e+01,  7.562339332014556e-04,  724, 0
1.482667799530321e+01,  -8.119585193294698e-04,  725, 0
1.481158074569276e+01,  -1.231232254480519e-04,  726, 0
1.481391690617263e+01,  -2.340729812512210e-04,  727, 0
1.479181326557784e+01,  6.677451067089724e-04,  728, 0
1.483657624227077e+01,  -8.373164934806221e-04,  729, 0
1.477238162798953e+01,  5.697924429457490e-04,  730, 0
1.479882759056089e+01,  -7.943616028641687e-04,  731, 0
1.480640783010209e+01,  7.065912792860729e-04,  732, 0
1.481774457117274e+01,  -8.743089041053365e-04,  733, 0
1.478995442586619e+01,  4.385823439838621e-04,  734, 0
1.478910067257596e+01,  -8.225326646419395e-04,  735, 0
1.479690747418746e+01,  -8.497869022650040e-05,  736, 0
1.479349887003994e+01,  -1.787344638191080e-04,  737, 0
1.477192611130954e+01,  -7.674271381652442e-05,  738, 0
1.478733149582618e+01,  -4.575687227059699e-05,  739, 0
1.485135135722919e+01,  -1.486122413010271e-04,  740, 0
1.487601822474417e+01,  -1.649550831048452e-03,  741, 0
1.480300400371078e+01,  6.430648589692556e-04,  742, 0
1.479690725230805e+01,  -2.619628027714649e-04,  743, 0
1.477074100529317e+01,  5.748329787862438e-04,  744, 0
1.478314283125921e+01,  -8.807087530898761e-04,  745, 0
1.476350556342878e+01,  -7.870276081545224e-05,  746, 0
1.480081834196499e+01,  -2.226451942676233e-04,  747, 0
1.477355985419036e+01,  -8.528442921106327e-04,  748, 0
1.478479883755824e+01,  -8.021206336841225e-04,  749, 0
1.477694835429951e+01,  1.227289259062569e-04,  750, 0
1.476582735913122e+01,  9.274406819006487e-04,  751, 0
1.478314464369200e+01,  -7.841203340688274e-04,  752, 0
1.483001638281823e+01,  -6.757353152400114e-04,  753, 0
1.473740253149172e+01,  1.657867852747019e-03,  754, 0
1.484212690059691e+01,  -9.903440632559324e-04,  755, 0
1.479114295586647e+01,  4.977139281108212e-04,  756, 0
1.479690112449449e+01,  -7.528764828423906e-05,  757, 0
1.478546334890574e+01,  -1.242269408594510e-04,  758, 0
1.480256960089103e+01,  -2.575819654508926e-04,  759, 0
1.475942484134941e+01,  8.984284988085012e-04,  760, 0
1.478233055569641e+01,  -6.974451211479993e-04,  761, 0
1.485809445581178e+01,  -2.413425829177585e-03,  762, 0
1.472487408312154e+01,  1.404921394598579e-03,  763, 0
1.478990825930777e+01,  3.535670788625822e-04,  764, 0
1.483966902038597e+01,  -2.304770714754212e-03,  765, 0
1.479801071808082e+01,  1.827223015280488e-04,  766, 0
1.683707531012248e+01,  -1.810255015285278e-02,  767, 0
1.481994155427961e+01,  -2.850587724042231e-03,  768, 0
1.475589178307230e+01,  6.215225095200783e-04,  769, 0
1.478278899583677e+01,  -8.772533992279508e-04,  770, 0
1.474776381555155e+01,  6.803294207984312e-04,  771, 0
1.579863317429666e+01,  -2.355177624850158e-03,  772, 0
1.483336707174928e+01,  6.521533710965866e-04,  773, 0
1.477632205546435e+01,  -5.465702749577472e-04,  774, 0
1.487762358541119e+01,  -1.370273427095836e-03,  775, 0
1.475783380243435e+01,  1.107659244101056e-03,  776, 0
1.486650805119342e+01,  -9.972791616595922e-04,  777, 0
1.480836357285686e+01,  -1.389401076670627e-03,  778, 0
1.482676289138956e+01,  4.171118430889020e-04,  779, 0
1.478276491450649e+01,  -2.485901995838979e-04,  780, 0
1.493836896993447e+01,  -5.291983035099368e-03,  781, 0
1.480436414232634e+01,  -1.867826739453626e-03,  782, 0
1.479443963711624e+01,  -2.711461213227295e-04,  783, 0
1.475146761283024e+01,  6.229770569976534e-04,  784, 0
1.476289755750030e+01,  -1.366695644654525e-04,  785, 0
1.479563744127363e+01,  -8.727145894420474e-04,  786, 0
1.487373827069174e+01,  -2.773413623115006e-04,  787, 0
1.480819497518859e+01,  -1.526978867674944e-03,  788, 0
1.475997365462017e+01,  1.122636514592212e-04,  789, 0
1.481186205127630e+01,  2.827611481903691e-04,  790, 0
1.481897027795478e+01,  -1.224611815016652e-03,  791, 0
1.477610687666969e+01,  2.105082153014415e-04,  792, 0
1.484874952319600e+01,  -2.963701886152803e-04,  793, 0
1.482280475593624e+01,  -1.782985323792174e-03,  794, 0
1.475351905733457e+01,  5.952581792485478e-04,  795, 0
1.488906657897793e+01,  -9.908708678497691e-04,  796, 0
1.473848703909402e+01,  1.378826532441035e-04,  797, 0
1.475780379201104e+01,  -2.166125702324218e-04,  798, 0
1.491800450753344e+01,  -1.260795099859546e-03,  799, 0
1.473975141177024e+01,  5.597658369294045e-05,  800, 0
1.477779026733877e+01,  -7.381920438344070e-04,  801, 0
1.481778812779868e+01,  3.950522666908984e-04,  802, 0
1.482094621953332e+01,  -2.241127476190652e-03,  803, 0
1.475963809504218e+01,  1.267657805481770e-03,  804, 0
1.480492396320946e+01,  -2.127178660092932e-04,  805, 0
1.484187537807946e+01,  -8.144780761226711e-04,  806, 0
1.478703981079261e+01,  -1.302880370148363e-03,  807, 0
1.483678461738983e+01,  5.745821218985370e-04,  808, 0
1.476170720504923e+01,  -3.374013803401077e-04,  809, 0
1.475423450336458e+01,  -6.533424982047009e-05,  810, 0
1.484655021096820e+01,  -7.711259649029190e-04,  811, 0
1.483788435990842e+01,  -9.352169417402578e-04,  812, 0
1.473082624022965e+01,  5.568175339043524e-04,  813, 0
1.475419111252329e+01,  -1.207680097374819e-04,  814, 0
1.491956241034713e+01,  -8.918614560817772e-04,  815, 0
1.476163727631691e+01,  -7.488759005743750e-04,  816, 0
1.474702843668957e+01,  6.730230880851451e-04,  817, 0
1.475532871346391e+01,  -2.222003936925843e-04,  818, 0
1.496117704270375e+01,  -1.930533430188341e-03,  819, 0
1.473059453302528e+01,  6.453484347153093e-04,  820, 0
1.475436533922785e+01,  -1.042907853144870e-04,  821, 0
1.477099936210747e+01,  -9.766161137902962e-06,  822, 0
1.487205653769852e+01,  -1.447809911430564e-03,  823, 0
1.480507237685220e+01,  -5.522551648379226e-04,  824, 0
1.473255299772277e+01,  3.843186739704851e-04,  825, 0
1.477202262650920e+01,  -1.728556721380947e-04,  826, 0
1.488513949078503e+01,  -1.614976018269765e-03,  827, 0
1.474443821170301e+01,  9.202391441098801e-04,  828, 0
1.485690423023366e+01,  -2.994448089066459e-04,  829, 0
1.475463349855895e+01,  -2.538659097375273e-04,  830, 0
1.472857540266251e+01,  6.365345289838231e-04,  831, 0
1.497702646291530e+01,  -1.693764022172251e-03,  832, 0
1.480171899428182e+01,  1.104123915565136e-04,  833, 0
1.479218157702929e+01,  -5.773858609131599e-04,  834, 0
1.473348678136403e+01,  5.596308240709558e-04,  835, 0
1.490447610517885e+01,  -2.051159991290130e-03,  836, 0
1.475840601235896e+01,  9.382307088141584e-04,  837, 0
1.480716116453275e+01,  -9.876130151217355e-04,  838, 0
1.476086220776791e+01,  4.337533404898952e-04,  839, 0
