3.886921143630027e+00
3.942453005011590e+00
3.998306591277146e+00
4.057065227041340e+00
4.108149480727616e+00
4.158514761167498e+00
4.209290759202512e+00
4.259521001213997e+00
4.309634638429117e+00
4.358539182295148e+00
4.410766328430713e+00
4.453841032648588e+00
4.500583819278158e+00
4.546812493038539e+00
4.592406135491833e+00
4.637771941170817e+00
4.687497964615077e+00
4.726222624093267e+00
4.768539885530685e+00
4.808923602044424e+00
4.850078768287591e+00
4.890278119941432e+00
4.929647607989137e+00
4.973200260310988e+00
5.006625466534853e+00
5.044799159081625e+00
5.082509705894782e+00
5.119714104455506e+00
5.156561315458781e+00
5.194125706150008e+00
5.231310095892240e+00
5.262375708514381e+00
5.292184626355727e+00
5.326222332225630e+00
5.359070833038872e+00
5.391652616646315e+00
5.425488122680597e+00
5.454700163664708e+00
5.484524865926857e+00
5.515483885000344e+00
5.546341347993262e+00
5.576761861089537e+00
5.606711270118848e+00
5.636146041075480e+00
5.663935386196953e+00
5.689394586080816e+00
5.713477483092318e+00
5.740397684088034e+00
5.766422142327754e+00
5.793447287213028e+00
5.816170219210740e+00
5.840734153199938e+00
5.864709138457544e+00
5.889387960816982e+00
5.915120714642017e+00
5.940388752500720e+00
5.965397525915562e+00
5.985499880345428e+00
6.010340408671136e+00
6.041828002766048e+00
6.050785462471885e+00
6.073057837228758e+00
6.094361359259265e+00
6.114902023059191e+00
6.134996851814309e+00
6.157205385718787e+00
6.175557695522064e+00
6.195627775778393e+00
6.214048956645071e+00
6.234726411107133e+00
6.250955398950646e+00
6.273741408279157e+00
6.291151830321556e+00
6.307323501271535e+00
6.323155542197895e+00
6.340170186665797e+00
6.356672331988515e+00
6.372629060789143e+00
6.387830351658893e+00
6.400869701785885e+00
6.416348773543994e+00
6.433544722137469e+00
6.449143897647611e+00
6.462664678724853e+00
6.480334670257196e+00
6.501061885160012e+00
6.515293501082050e+00
6.528441051019348e+00
6.543556648593358e+00
6.552486125332750e+00
6.568279856327749e+00
6.588827324440781e+00
6.603811518883617e+00
6.617758404371193e+00
6.631165528392244e+00
6.644170361393569e+00
6.650638212517827e+00
6.667045936716231e+00
6.676692682811267e+00
6.689100088995803e+00
6.720117943690328e+00
