3.418112812741683e+00
3.433544301433819e+00
3.449186017687397e+00
3.465034291320800e+00
3.481085499989993e+00
3.497336070328195e+00
3.513782478929824e+00
3.530421253187575e+00
3.547248971991271e+00
3.564262266296971e+00
3.581457819574521e+00
3.598832368141583e+00
3.616382701391814e+00
3.634105661924630e+00
3.651998145583705e+00
3.670057101411014e+00
3.688279531522991e+00
3.706662490914969e+00
3.725203087199892e+00
3.743898480286873e+00
3.762745882004917e+00
3.781742555676888e+00
3.800885815648408e+00
3.820173026776182e+00
3.839601603879956e+00
3.859169011162025e+00
3.878872761598002e+00
3.898710416302273e+00
3.918679583871376e+00
3.938777919708282e+00
3.959003125330400e+00
3.979352947663830e+00
3.999825178326343e+00
4.020417652901253e+00
4.041128250204211e+00
4.061954891544902e+00
4.082895539985246e+00
4.103948199595836e+00
4.125110914711961e+00
4.146381769190597e+00
4.167758885669602e+00
4.189240424830155e+00
4.210824584663514e+00
4.232509599742944e+00
4.254293740501644e+00
4.276175312517412e+00
4.298152655804717e+00
4.320224144114716e+00
4.342388184243750e+00
4.364643215350795e+00
4.386987708284220e+00
4.409420164918222e+00
4.431939117499206e+00
4.454543128002388e+00
4.477230787498788e+00
4.500000715532802e+00
4.522851559510482e+00
4.545781994098612e+00
4.568790720634660e+00
4.591876466547631e+00
4.615037984789876e+00
4.638274053279805e+00
4.661583474355490e+00
4.684965074239166e+00
4.708417702512498e+00
4.731940231602564e+00
4.755531556278500e+00
4.779190593158673e+00
4.802916280228262e+00
4.826707576367162e+00
4.850563460888050e+00
4.874482933084511e+00
4.898465011789055e+00
4.922508734940884e+00
4.946613159163260e+00
4.970777359350321e+00
4.995000428263212e+00
5.019281476135292e+00
5.043619630286343e+00
5.068014034745558e+00
5.092463849883200e+00
5.116968252050674e+00
5.141526433228925e+00
5.166137600684998e+00
5.190800976636524e+00
5.215515797924034e+00
5.240281315690912e+00
5.265096795070805e+00
5.289961514882402e+00
5.314874767331298e+00
5.339835857718898e+00
5.364844104158184e+00
5.389898837296103e+00
5.414999400042568e+00
5.440145147305798e+00
5.465335445733893e+00
5.490569673462561e+00
5.515847219868721e+00
5.541167485329971e+00
5.566529880989719e+00
5.591933828527853e+00
